 frequency              input_noise_VrtHz      output_noise_VrtHz    
 1.000000000000000e-02  1.139959335562512e-05  2.985287338183319e-01 
 1.023292992280754e-02  1.126440806105048e-05  2.949885467134603e-01 
 1.047128548050899e-02  1.113084722168154e-05  2.914909002945010e-01 
 1.071519305237606e-02  1.099889106903279e-05  2.880352766218859e-01 
 1.096478196143185e-02  1.086852007796008e-05  2.846211647558695e-01 
 1.122018454301963e-02  1.073971496364373e-05  2.812480594243479e-01 
 1.148153621496882e-02  1.061245667858795e-05  2.779154621827817e-01 
 1.174897554939529e-02  1.048672640968813e-05  2.746228799949779e-01 
 1.202264434617412e-02  1.036250557530061e-05  2.713698263727056e-01 
 1.230268770812381e-02  1.023977582238161e-05  2.681558206925962e-01 
 1.258925411794167e-02  1.011851902363454e-05  2.649803881284731e-01 
 1.288249551693134e-02  9.998717274711661e-06  2.618430601510680e-01 
 1.318256738556407e-02  9.880352891448062e-06  2.587433733095886e-01 
 1.348962882591653e-02  9.763408407116283e-06  2.556808701952428e-01 
 1.380384264602884e-02  9.647866569733679e-06  2.526550993506147e-01 
 1.412537544622754e-02  9.533710339394803e-06  2.496656142086286e-01 
 1.445439770745927e-02  9.420922885634427e-06  2.467119741292702e-01 
 1.479108388168207e-02  9.309487584832229e-06  2.437937436732951e-01 
 1.513561248436207e-02  9.199388017638593e-06  2.409104930683895e-01 
 1.548816618912481e-02  9.090607966444360e-06  2.380617976094896e-01 
 1.584893192461113e-02  8.983131412872023e-06  2.352472377072912e-01 
 1.621810097358929e-02  8.876942535310252e-06  2.324663988296979e-01 
 1.659586907437560e-02  8.772025706463696e-06  2.297188720395480e-01 
 1.698243652461744e-02  8.668365490944868e-06  2.270042530183363e-01 
 1.737800828749375e-02  8.565946642898108e-06  2.243221426097099e-01 
 1.778279410038922e-02  8.464754103639890e-06  2.216721461708539e-01 
 1.819700858609983e-02  8.364772999343493e-06  2.190538744820156e-01 
 1.862087136662867e-02  8.265988638745898e-06  2.164669427162964e-01 
 1.905460717963246e-02  8.168386510874608e-06  2.139109709577142e-01 
 1.949844599758044e-02  8.071952282829567e-06  2.113855835835355e-01 
 1.995262314968879e-02  7.976671797555879e-06  2.088904101310797e-01 
 2.041737944669528e-02  7.882531071677161e-06  2.064250843158481e-01 
 2.089296130854039e-02  7.789516293336542e-06  2.039892444375503e-01 
 2.137962089502231e-02  7.697613820075061e-06  2.015825333192130e-01 
 2.187761623949552e-02  7.606810176724398e-06  1.992045978160888e-01 
 2.238721138568339e-02  7.517092053343467e-06  1.968550895482963e-01 
 2.290867652767772e-02  7.428446303162783e-06  1.945336644008585e-01 
 2.344228815319921e-02  7.340859940570233e-06  1.922399820554952e-01 
 2.398832919019489e-02  7.254320139107962e-06  1.899737067023507e-01 
 2.454708915685028e-02  7.168814229504718e-06  1.877345065627824e-01 
 2.511886431509578e-02  7.084329697728169e-06  1.855220539234926e-01 
 2.570395782768862e-02  7.000854183061570e-06  1.833360251654499e-01 
 2.630267991895379e-02  6.918375476208858e-06  1.811761003178177e-01 
 2.691534803926913e-02  6.836881517413917e-06  1.790419638016000e-01 
 2.754228703338164e-02  6.756360394614092e-06  1.769333035883878e-01 
 2.818382931264451e-02  6.676800341610126e-06  1.748498115488840e-01 
 2.884031503126603e-02  6.598189736261330e-06  1.727911834010773e-01 
 2.951209226666382e-02  6.520517098700548e-06  1.707571183637005e-01 
 3.019951720402013e-02  6.443771089579778e-06  1.687473194883316e-01 
 3.090295432513587e-02  6.367940508323637e-06  1.667614936048599e-01 
 3.162277660168375e-02  6.293014291416181e-06  1.647993509830444e-01 
 3.235936569296278e-02  6.218981510707424e-06  1.628606051558854e-01 
 3.311311214825906e-02  6.145831371735730e-06  1.609449738667445e-01 
 3.388441561392020e-02  6.073553212076105e-06  1.590521776090151e-01 
 3.467368504525311e-02  6.002136499707953e-06  1.571819406440877e-01 
 3.548133892335749e-02  5.931570831400374e-06  1.553339904684400e-01 
 3.630780547701008e-02  5.861845931122684e-06  1.535080581119538e-01 
 3.715352290971719e-02  5.792951648470028e-06  1.517038778224491e-01 
 3.801893963205605e-02  5.724877957110798e-06  1.499211867048757e-01 
 3.890451449942799e-02  5.657614953256734e-06  1.481597257294197e-01 
 3.981071705534966e-02  5.591152854141172e-06  1.464192384504057e-01 
 4.073802778041120e-02  5.525481996531323e-06  1.446994720025397e-01 
 4.168693834703347e-02  5.460592835248770e-06  1.430001763557892e-01 
 4.265795188015920e-02  5.396475941707913e-06  1.413211045974912e-01 
 4.365158322401652e-02  5.333122002481407e-06  1.396620128307077e-01 
 4.466835921509623e-02  5.270521817874817e-06  1.380226601368995e-01 
 4.570881896148742e-02  5.208666300521794e-06  1.364028085391369e-01 
 4.677351412871973e-02  5.147546473998007e-06  1.348022229658017e-01 
 4.786300923226374e-02  5.087153471452314e-06  1.332206712147411e-01 
 4.897788193684452e-02  5.027478534253319e-06  1.316579239178238e-01 
 5.011872336272712e-02  4.968513010652433e-06  1.301137545059288e-01 
 5.128613839913638e-02  4.910248354468045e-06  1.285879391744869e-01 
 5.248074602497715e-02  4.852676123777461e-06  1.270802569041858e-01 
 5.370317963702516e-02  4.795787979639160e-06  1.255904890983921e-01 
 5.495408738576234e-02  4.739575684810553e-06  1.241184203707534e-01 
 5.623413251903479e-02  4.684031102505707e-06  1.226638374199058e-01 
 5.754399373371557e-02  4.629146195148383e-06  1.212265298672067e-01 
 5.888436553555877e-02  4.574913023149420e-06  1.198062896360353e-01 
 6.025595860743563e-02  4.521323743702197e-06  1.184029114988492e-01 
 6.165950018614807e-02  4.468370609586037e-06  1.170161925721715e-01 
 6.309573444801918e-02  4.416045967988436e-06  1.156459323448665e-01 
 6.456542290346540e-02  4.364342259342694e-06  1.142919329007024e-01 
 6.606934480075945e-02  4.313252016176278e-06  1.129539986351188e-01 
 6.760829753919802e-02  4.262767861979190e-06  1.116319365210539e-01 
 6.918309709189348e-02  4.212882510079846e-06  1.103255555909979e-01 
 7.079457843841361e-02  4.163588762540471e-06  1.090346673965741e-01 
 7.244359600749882e-02  4.114879509063575e-06  1.077590856890436e-01 
 7.413102413009155e-02  4.066747725910350e-06  1.064986266267933e-01 
 7.585775750291818e-02  4.019186474838437e-06  1.052531085117721e-01 
 7.762471166286897e-02  3.972188902047411e-06  1.040223517673272e-01 
 7.943282347242793e-02  3.925748237136383e-06  1.028061791384744e-01 
 8.128305161640970e-02  3.879857792082391e-06  1.016044153935703e-01 
 8.317637711026686e-02  3.834510960220870e-06  1.004168877830939e-01 
 8.511380382023739e-02  3.789701215250106e-06  9.924342513473071e-02 
 8.709635899560780e-02  3.745422110237249e-06  9.808385866376788e-02 
 8.912509381337429e-02  3.701667276643551e-06  9.693802167831901e-02 
 9.120108393559070e-02  3.658430423361012e-06  9.580574938597013e-02 
 9.332543007969883e-02  3.615705335758499e-06  9.468687899902631e-02 
 9.549925860214331e-02  3.573485874741130e-06  9.358124987171040e-02 
 9.772372209558078e-02  3.531765975821330e-06  9.248870310633085e-02 
 9.999999999999970e-02  3.490539648202752e-06  9.140908173879751e-02 
 1.023292992280751e-01  3.449800973870929e-06  9.034223091005381e-02 
 1.047128548050896e-01  3.409544106702861e-06  8.928799748371082e-02 
 1.071519305237603e-01  3.369763271579936e-06  8.824623026098091e-02 
 1.096478196143182e-01  3.330452763515767e-06  8.721677972701271e-02 
 1.122018454301960e-01  3.291606946796498e-06  8.619949844730800e-02 
 1.148153621496879e-01  3.253220254127251e-06  8.519424044047386e-02 
 1.174897554939526e-01  3.215287185790821e-06  8.420086194045626e-02 
 1.202264434617409e-01  3.177802308822354e-06  8.321922041343371e-02 
 1.230268770812377e-01  3.140760256182902e-06  8.224917545518040e-02 
 1.258925411794163e-01  3.104155725954647e-06  8.129058818433027e-02 
 1.288249551693130e-01  3.067983480539315e-06  8.034332140556073e-02 
 1.318256738556403e-01  3.032238345868123e-06  7.940723969188086e-02 
 1.348962882591649e-01  2.996915210623716e-06  7.848220918849559e-02 
 1.380384264602880e-01  2.962009025467159e-06  7.756809759661068e-02 
 1.412537544622749e-01  2.927514802279680e-06  7.666477432326306e-02 
 1.445439770745922e-01  2.893427613411100e-06  7.577211032467443e-02 
 1.479108388168202e-01  2.859742590935510e-06  7.488997815348986e-02 
 1.513561248436203e-01  2.826454925922359e-06  7.401825180975748e-02 
 1.548816618912476e-01  2.793559867709477e-06  7.315680685407998e-02 
 1.584893192461108e-01  2.761052723190014e-06  7.230552054336631e-02 
 1.621810097358924e-01  2.728928856106035e-06  7.146427136867503e-02 
 1.659586907437555e-01  2.697183686352894e-06  7.063293935707043e-02 
 1.698243652461738e-01  2.665812689288309e-06  6.981140604984670e-02 
 1.737800828749369e-01  2.634811395054702e-06  6.899955436186368e-02 
 1.778279410038916e-01  2.604175387906309e-06  6.819726871490817e-02 
 1.819700858609977e-01  2.573900305546872e-06  6.740443484025700e-02 
 1.862087136662861e-01  2.543981838474386e-06  6.662093985311890e-02 
 1.905460717963240e-01  2.514415729333481e-06  6.584667234954462e-02 
 1.949844599758038e-01  2.485197772278957e-06  6.508152212978134e-02 
 1.995262314968872e-01  2.456323812342179e-06  6.432538030125111e-02 
 2.041737944669521e-01  2.427789744809444e-06  6.357813956627104e-02 
 2.089296130854031e-01  2.399591514606823e-06  6.283969353760990e-02 
 2.137962089502223e-01  2.371725115690682e-06  6.210993741642207e-02 
 2.187761623949543e-01  2.344186590450438e-06  6.138876756094658e-02 
 2.238721138568330e-01  2.316972029111812e-06  6.067608152967476e-02 
 2.290867652767763e-01  2.290077569155634e-06  5.997177819885927e-02 
 2.344228815319912e-01  2.263499394736439e-06  5.927575758888640e-02 
 2.398832919019480e-01  2.237233736112654e-06  5.858792110723456e-02 
 2.454708915685020e-01  2.211276869082482e-06  5.790817112263256e-02 
 2.511886431509570e-01  2.185625114426693e-06  5.723641128551415e-02 
 2.570395782768853e-01  2.160274837359208e-06  5.657254645881610e-02 
 2.630267991895371e-01  2.135222446982102e-06  5.591648260413706e-02 
 2.691534803926904e-01  2.110464395751711e-06  5.526812677062674e-02 
 2.754228703338155e-01  2.085997178945635e-06  5.462738722555095e-02 
 2.818382931264442e-01  2.061817334141836e-06  5.399417322494340e-02 
 2.884031503126593e-01  2.037921440699055e-06  5.336839526071925e-02 
 2.951209226666373e-01  2.014306119249475e-06  5.274996481113466e-02 
 3.019951720402003e-01  1.990968031191160e-06  5.213879449072004e-02 
 3.090295432513577e-01  1.967903878193372e-06  5.153479781049561e-02 
 3.162277660168365e-01  1.945110401702006e-06  5.093788954862293e-02 
 3.235936569296268e-01  1.922584382454068e-06  5.034798528928763e-02 
 3.311311214825896e-01  1.900322640000104e-06  4.976500185340077e-02 
 3.388441561392009e-01  1.878322032227562e-06  4.918885691186161e-02 
 3.467368504525300e-01  1.856579454894305e-06  4.861946919237805e-02 
 3.548133892335738e-01  1.835091841167179e-06  4.805675831818710e-02 
 3.630780547700996e-01  1.813856161163121e-06  4.750064502685137e-02 
 3.715352290971707e-01  1.792869421499763e-06  4.695105082519693e-02 
 3.801893963205594e-01  1.772128664850364e-06  4.640789838975318e-02 
 3.890451449942787e-01  1.751630969503404e-06  4.587111114554234e-02 
 3.981071705534953e-01  1.731373448928035e-06  4.534061348088745e-02 
 4.073802778041107e-01  1.711353251346136e-06  4.481633071447332e-02 
 4.168693834703334e-01  1.691567559306398e-06  4.429818912136155e-02 
 4.265795188015906e-01  1.672013589268510e-06  4.378611572941139e-02 
 4.365158322401638e-01  1.652688591187635e-06  4.328003855946855e-02 
 4.466835921509609e-01  1.633589848107279e-06  4.277988649710066e-02 
 4.570881896148728e-01  1.614714675755686e-06  4.228558919063926e-02 
 4.677351412871959e-01  1.596060422147780e-06  4.179707722685196e-02 
 4.786300923226360e-01  1.577624467191978e-06  4.131428195454057e-02 
 4.897788193684438e-01  1.559404222301057e-06  4.083713558449419e-02 
 5.011872336272698e-01  1.541397130008810e-06  4.036557119481878e-02 
 5.128613839913623e-01  1.523600663591294e-06  3.989952257994766e-02 
 5.248074602497700e-01  1.506012326692476e-06  3.943892433117133e-02 
 5.370317963702500e-01  1.488629652954315e-06  3.898371189434114e-02 
 5.495408738576217e-01  1.471450205651545e-06  3.853382150637100e-02 
 5.623413251903462e-01  1.454471577331630e-06  3.808919002016269e-02 
 5.754399373371539e-01  1.437691389457648e-06  3.764975519696431e-02 
 5.888436553555859e-01  1.421107292057371e-06  3.721545551154721e-02 
 6.025595860743546e-01  1.404716963375530e-06  3.678623014502147e-02 
 6.165950018614789e-01  1.388518109529985e-06  3.636201905631666e-02 
 6.309573444801898e-01  1.372508464174027e-06  3.594276281514903e-02 
 6.456542290346520e-01  1.356685788160382e-06  3.552840283001724e-02 
 6.606934480075923e-01  1.341047869210361e-06  3.511888119565214e-02 
 6.760829753919780e-01  1.325592521589339e-06  3.471414061038874e-02 
 6.918309709189326e-01  1.310317585781252e-06  3.431412458063492e-02 
 7.079457843841339e-01  1.295220928172693e-06  3.391877718563742e-02 
 7.244359600749859e-01  1.280300440735840e-06  3.352804323467494e-02 
 7.413102413009133e-01  1.265554040719498e-06  3.314186816956582e-02 
 7.585775750291794e-01  1.250979670340736e-06  3.276019812910255e-02 
 7.762471166286873e-01  1.236575296482616e-06  3.238297988264752e-02 
 7.943282347242769e-01  1.222338910394605e-06  3.201016075391089e-02 
 8.128305161640945e-01  1.208268527395598e-06  3.164168879586901e-02 
 8.317637711026662e-01  1.194362186583189e-06  3.127751272343523e-02 
 8.511380382023715e-01  1.180617950544595e-06  3.091758171639156e-02 
 8.709635899560756e-01  1.167033905071020e-06  3.056184567159092e-02 
 8.912509381337403e-01  1.153608158877332e-06  3.021025504570367e-02 
 9.120108393559044e-01  1.140338843322106e-06  2.986276092766468e-02 
 9.332543007969856e-01  1.127224112135157e-06  2.951931493992425e-02 
 9.549925860214303e-01  1.114262141144599e-06  2.917986933522680e-02 
 9.772372209558049e-01  1.101451128009690e-06  2.884437692430266e-02 
 9.999999999999940e-01  1.088789291955671e-06  2.851279102034734e-02 
 1.023292992280748e+00  1.076274873513259e-06  2.818506554546241e-02 
 1.047128548050893e+00  1.063906134258442e-06  2.786115503301977e-02 
 1.071519305237600e+00  1.051681356560213e-06  2.754101446274867e-02 
 1.096478196143178e+00  1.039598843326421e-06  2.722459936559911e-02 
 1.122018454301957e+00  1.027656917755795e-06  2.691186586307569e-02 
 1.148153621496876e+00  1.015853923092240e-06  2.660277056538475e-02 
 1.174897554939522e+00  1.004188222381812e-06  2.629727058984197e-02 
 1.202264434617406e+00  9.926581982335490e-07  2.599532353277318e-02 
 1.230268770812374e+00  9.812622525811367e-07  2.569688764300478e-02 
 1.258925411794160e+00  9.699988064511094e-07  2.540192147786229e-02 
 1.288249551693126e+00  9.588662997301723e-07  2.511038423371735e-02 
 1.318256738556399e+00  9.478631909375830e-07  2.482223549563156e-02 
 1.348962882591645e+00  9.369879569992786e-07  2.453743540684424e-02 
 1.380384264602876e+00  9.262390930262347e-07  2.425594455374315e-02 
 1.412537544622746e+00  9.156151120933027e-07  2.397772396191597e-02 
 1.445439770745919e+00  9.051145450223379e-07  2.370273519475966e-02 
 1.479108388168198e+00  8.947359401687352e-07  2.343094018159520e-02 
 1.513561248436199e+00  8.844778632073450e-07  2.316230141768396e-02 
 1.548816618912471e+00  8.743388969250839e-07  2.289678175436004e-02 
 1.584893192461103e+00  8.643176410129391e-07  2.263434451623276e-02 
 1.621810097358920e+00  8.544127118624159e-07  2.237495344574428e-02 
 1.659586907437550e+00  8.446227423633048e-07  2.211857276593750e-02 
 1.698243652461733e+00  8.349463817045593e-07  2.186516708736391e-02 
 1.737800828749364e+00  8.253822951774562e-07  2.161470144251932e-02 
 1.778279410038911e+00  8.159291639811618e-07  2.136714131769632e-02 
 1.819700858609971e+00  8.065856850306099e-07  2.112245254533261e-02 
 1.862087136662855e+00  7.973505707670003e-07  2.088060143819544e-02 
 1.905460717963235e+00  7.882225489701577e-07  2.064155463744440e-02 
 1.949844599758032e+00  7.792003625734381e-07  2.040527924428498e-02 
 1.995262314968866e+00  7.702827694810780e-07  2.017174272435690e-02 
 2.041737944669515e+00  7.614685423873559e-07  1.994091289589953e-02 
 2.089296130854025e+00  7.527564685986942e-07  1.971275802936211e-02 
 2.137962089502217e+00  7.441453498566000e-07  1.948724674610590e-02 
 2.187761623949537e+00  7.356340021643701e-07  1.926434800701778e-02 
 2.238721138568323e+00  7.272212556150375e-07  1.904403117580088e-02 
 2.290867652767756e+00  7.189059542210629e-07  1.882626597187890e-02 
 2.344228815319905e+00  7.106869557472214e-07  1.861102248258422e-02 
 2.398832919019473e+00  7.025631315444174e-07  1.839827111855212e-02 
 2.454708915685012e+00  6.945333663864291e-07  1.818798268205719e-02 
 2.511886431509561e+00  6.865965583076425e-07  1.798012832159454e-02 
 2.570395782768844e+00  6.787516184440917e-07  1.777467948929183e-02 
 2.630267991895362e+00  6.709974708751197e-07  1.757160799976136e-02 
 2.691534803926895e+00  6.633330524677051e-07  1.737088601716624e-02 
 2.754228703338145e+00  6.557573127225612e-07  1.717248602803997e-02 
 2.818382931264432e+00  6.482692136224477e-07  1.697638080103676e-02 
 2.884031503126584e+00  6.408677294811045e-07  1.678254350161393e-02 
 2.951209226666363e+00  6.335518467959324e-07  1.659094755481722e-02 
 3.019951720401993e+00  6.263205641006528e-07  1.640156672275754e-02 
 3.090295432513567e+00  6.191728918208579e-07  1.621437509255825e-02 
 3.162277660168355e+00  6.121078521311973e-07  1.602934705100355e-02 
 3.235936569296257e+00  6.051244788137379e-07  1.584645724010957e-02 
 3.311311214825885e+00  5.982218171186169e-07  1.566568069847644e-02 
 3.388441561391999e+00  5.913989236264232e-07  1.548699266467154e-02 
 3.467368504525289e+00  5.846548661115960e-07  1.531036871809876e-02 
 3.548133892335727e+00  5.779887234085430e-07  1.513578472041305e-02 
 3.630780547700985e+00  5.713995852781353e-07  1.496321683827175e-02 
 3.715352290971696e+00  5.648865522768535e-07  1.479264149400144e-02 
 3.801893963205582e+00  5.584487356272312e-07  1.462403536999380e-02 
 3.890451449942775e+00  5.520852570895346e-07  1.445737549392805e-02 
 3.981071705534941e+00  5.457952488355714e-07  1.429263908314989e-02 
 4.073802778041094e+00  5.395778533234629e-07  1.412980367432668e-02 
 4.168693834703320e+00  5.334322231742085e-07  1.396884705694915e-02 
 4.265795188015892e+00  5.273575210502966e-07  1.380974727680542e-02 
 4.365158322401624e+00  5.213529195342777e-07  1.365248267444473e-02 
 4.466835921509595e+00  5.154176010109837e-07  1.349703176914391e-02 
 4.570881896148713e+00  5.095507575489135e-07  1.334337339285107e-02 
 4.677351412871944e+00  5.037515907848368e-07  1.319148664385737e-02 
 4.786300923226344e+00  4.980193118088207e-07  1.304135082640282e-02 
 4.897788193684422e+00  4.923531410509791e-07  1.289294548899400e-02 
 5.011872336272681e+00  4.867523081695704e-07  1.274625044347618e-02 
 5.128613839913606e+00  4.812160519406915e-07  1.260124571725017e-02 
 5.248074602497682e+00  4.757436201485516e-07  1.245791158933176e-02 
 5.370317963702482e+00  4.703342694778540e-07  1.231622856526236e-02 
 5.495408738576200e+00  4.649872654077227e-07  1.217617737460657e-02 
 5.623413251903443e+00  4.597018821054896e-07  1.203773898925601e-02 
 5.754399373371521e+00  4.544774023233808e-07  1.190089459406035e-02 
 5.888436553555840e+00  4.493131172956430e-07  1.176562557960603e-02 
 6.025595860743526e+00  4.442083266370154e-07  1.163191357559433e-02 
 6.165950018614769e+00  4.391623382424072e-07  1.149974043706366e-02 
 6.309573444801878e+00  4.341744681880373e-07  1.136908820678637e-02 
 6.456542290346500e+00  4.292440406334881e-07  1.123993915781837e-02 
 6.606934480075903e+00  4.243703877252079e-07  1.111227574175837e-02 
 6.760829753919760e+00  4.195528495008362e-07  1.098608063534984e-02 
 6.918309709189305e+00  4.147907737950167e-07  1.086133673686061e-02 
 7.079457843841318e+00  4.100835161462659e-07  1.073802712538145e-02 
 7.244359600749839e+00  4.054304397049773e-07  1.061613505026333e-02 
 7.413102413009112e+00  4.008309151424087e-07  1.049564401646895e-02 
 7.585775750291773e+00  3.962843205609691e-07  1.037653766661480e-02 
 7.762471166286851e+00  3.917900414051964e-07  1.025879987482956e-02 
 7.943282347242747e+00  3.873474703746912e-07  1.014241467195266e-02 
 8.128305161640922e+00  3.829560073370601e-07  1.002736628831306e-02 
 8.317637711026638e+00  3.786150592425118e-07  9.913639137813424e-03 
 8.511380382023690e+00  3.743240400393706e-07  9.801217832601241e-03 
 8.709635899560730e+00  3.700823705907144e-07  9.690087133769679e-03 
 8.912509381337378e+00  3.658894785918606e-07  9.580231983947161e-03 
 9.120108393559018e+00  3.617447984887232e-07  9.471637521213111e-03 
 9.332543007969829e+00  3.576477713976426e-07  9.364289031215965e-03 
 9.549925860214275e+00  3.535978450256532e-07  9.258172010440128e-03 
 9.772372209558020e+00  3.495944735921772e-07  9.153272050987626e-03 
 9.999999999999911e+00  3.456371177512227e-07  9.049574995108335e-03 
 1.023292992280745e+01  3.417252445146981e-07  8.947066785277440e-03 
 1.047128548050890e+01  3.378583271772421e-07  8.845733557471236e-03 
 1.071519305237597e+01  3.340358452407372e-07  8.745561603305521e-03 
 1.096478196143175e+01  3.302572843405986e-07  8.646537364494323e-03 
 1.122018454301953e+01  3.265221361732204e-07  8.548647431277666e-03 
 1.148153621496872e+01  3.228298984232666e-07  8.451878591973683e-03 
 1.174897554939519e+01  3.191800746928955e-07  8.356217712935888e-03 
 1.202264434617402e+01  3.155721744309971e-07  8.261651876422374e-03 
 1.230268770812370e+01  3.120057128641099e-07  8.168168279652830e-03 
 1.258925411794155e+01  3.084802109272039e-07  8.075754266123834e-03 
 1.288249551693122e+01  3.049951951963647e-07  7.984397344417478e-03 
 1.318256738556395e+01  3.015501978213667e-07  7.894085144184585e-03 
 1.348962882591641e+01  2.981447564596139e-07  7.804805439071471e-03 
 1.380384264602872e+01  2.947784142107352e-07  7.716546148004569e-03 
 1.412537544622741e+01  2.914507195518004e-07  7.629295326375661e-03 
 1.445439770745913e+01  2.881612262738100e-07  7.543041157717521e-03 
 1.479108388168193e+01  2.849094934182346e-07  7.457771958709256e-03 
 1.513561248436193e+01  2.816950852148614e-07  7.373476177387731e-03 
 1.548816618912466e+01  2.785175710203043e-07  7.290142413419341e-03 
 1.584893192461098e+01  2.753765252569507e-07  7.207759359026246e-03 
 1.621810097358914e+01  2.722715273533266e-07  7.126315845399542e-03 
 1.659586907437544e+01  2.692021616841897e-07  7.045800843276446e-03 
 1.698243652461728e+01  2.661680175122157e-07  6.966203421240855e-03 
 1.737800828749359e+01  2.631686889301023e-07  6.887512792998788e-03 
 1.778279410038905e+01  2.602037748030452e-07  6.809718273130171e-03 
 1.819700858609966e+01  2.572728787125369e-07  6.732809299693171e-03 
 1.862087136662849e+01  2.543756089003049e-07  6.656775417833170e-03 
 1.905460717963228e+01  2.515115782130418e-07  6.581606309871872e-03 
 1.949844599758026e+01  2.486804040481940e-07  6.507291753021226e-03 
 1.995262314968860e+01  2.458817082998112e-07  6.433821624265436e-03 
 2.041737944669509e+01  2.431151173054101e-07  6.361185946046566e-03 
 2.089296130854019e+01  2.403802617934115e-07  6.289374811998719e-03 
 2.137962089502211e+01  2.376767768313467e-07  6.218378430320018e-03 
 2.187761623949531e+01  2.350043017742131e-07  6.148187132296907e-03 
 2.238721138568317e+01  2.323624802140681e-07  6.078791340789193e-03 
 2.290867652767750e+01  2.297509599299132e-07  6.010181561470100e-03 
 2.344228815319899e+01  2.271693928379501e-07  5.942348428426985e-03 
 2.398832919019467e+01  2.246174349431458e-07  5.875282642664133e-03 
 2.454708915685006e+01  2.220947462905278e-07  5.808975039934100e-03 
 2.511886431509555e+01  2.196009909176136e-07  5.743416525072227e-03 
 2.570395782768838e+01  2.171358368073562e-07  5.678598098818268e-03 
 2.630267991895355e+01  2.146989558414418e-07  5.614510851268794e-03 
 2.691534803926888e+01  2.122900237544152e-07  5.551145972433362e-03 
 2.754228703338138e+01  2.099087200880188e-07  5.488494740664751e-03 
 2.818382931264425e+01  2.075547281464952e-07  5.426548507092168e-03 
 2.884031503126576e+01  2.052277349520099e-07  5.365298722635970e-03 
 2.951209226666355e+01  2.029274312010689e-07  5.304736919670753e-03 
 3.019951720401985e+01  2.006535112209558e-07  5.244854701583606e-03 
 3.090295432513559e+01  1.984056729270138e-07  5.185643775405854e-03 
 3.162277660168347e+01  1.961836177805341e-07  5.127095907039217e-03 
 3.235936569296249e+01  1.939870507466444e-07  5.069202944891823e-03 
 3.311311214825876e+01  1.918156802534836e-07  5.011956815949500e-03 
 3.388441561391990e+01  1.896692181509731e-07  4.955349524115416e-03 
 3.467368504525280e+01  1.875473796708921e-07  4.899373144359579e-03 
 3.548133892335717e+01  1.854498833868693e-07  4.844019821318690e-03 
 3.630780547700975e+01  1.833764511751796e-07  4.789281776142337e-03 
 3.715352290971686e+01  1.813268081757463e-07  4.735151290359237e-03 
 3.801893963205572e+01  1.793006827539612e-07  4.681620724970833e-03 
 3.890451449942765e+01  1.772978064626076e-07  4.628682488386867e-03 
 3.981071705534930e+01  1.753179140044085e-07  4.576329061524032e-03 
 4.073802778041084e+01  1.733607431950340e-07  4.524552997769721e-03 
 4.168693834703309e+01  1.714260349265318e-07  4.473346905537032e-03 
 4.265795188015881e+01  1.695135331312333e-07  4.422703443305035e-03 
 4.365158322401612e+01  1.676229847458574e-07  4.372615337427477e-03 
 4.466835921509583e+01  1.657541396764157e-07  4.323075372658383e-03 
 4.570881896148700e+01  1.639067507633625e-07  4.274076375882013e-03 
 4.677351412871931e+01  1.620805737469304e-07  4.225611257025659e-03 
 4.786300923226331e+01  1.602753672334400e-07  4.177672936051423e-03 
 4.897788193684408e+01  1.584908926613271e-07  4.130254414661447e-03 
 5.011872336272667e+01  1.567269142682166e-07  4.083348734566966e-03 
 5.128613839913591e+01  1.549831990578502e-07  4.036948986896604e-03 
 5.248074602497667e+01  1.532595167678251e-07  3.991048300389494e-03 
 5.370317963702468e+01  1.515556398374594e-07  3.945639865740841e-03 
 5.495408738576185e+01  1.498713433762214e-07  3.900716891483797e-03 
 5.623413251903428e+01  1.482064051322994e-07  3.856272658388561e-03 
 5.754399373371505e+01  1.465606054617285e-07  3.812300469075059e-03 
 5.888436553555824e+01  1.449337272979532e-07  3.768793662167421e-03 
 6.025595860743510e+01  1.433255561215628e-07  3.725745625385579e-03 
 6.165950018614752e+01  1.417358799303890e-07  3.683149780951487e-03 
 6.309573444801861e+01  1.401644892101560e-07  3.640999576604541e-03 
 6.456542290346482e+01  1.386111769053273e-07  3.599288498632653e-03 
 6.606934480075886e+01  1.370757383902931e-07  3.558010073323254e-03 
 6.760829753919741e+01  1.355579714409240e-07  3.517157851810066e-03 
 6.918309709189286e+01  1.340576762065964e-07  3.476725407764835e-03 
 7.079457843841298e+01  1.325746551822423e-07  3.436706357071096e-03 
 7.244359600749817e+01  1.311087131810294e-07  3.397094338622064e-03 
 7.413102413009089e+01  1.296596573072712e-07  3.357883014947462e-03 
 7.585775750291749e+01  1.282272969295498e-07  3.319066072781299e-03 
 7.762471166286826e+01  1.268114436542587e-07  3.280637226354229e-03 
 7.943282347242722e+01  1.254119112995235e-07  3.242590214969741e-03 
 8.128305161640897e+01  1.240285158692002e-07  3.204918800761130e-03 
 8.317637711026612e+01  1.226610755274438e-07  3.167616766642714e-03 
 8.511380382023664e+01  1.213094105735203e-07  3.130677911825379e-03 
 8.709635899560703e+01  1.199733434165459e-07  3.094096071089945e-03 
 8.912509381337350e+01  1.186526985511822e-07  3.057865082695328e-03 
 9.120108393558989e+01  1.173473025330925e-07  3.021978814455180e-03 
 9.332543007969799e+01  1.160569839548511e-07  2.986431154237231e-03 
 9.549925860214246e+01  1.147815734221430e-07  2.951216009928010e-03 
 9.772372209557990e+01  1.135209035303268e-07  2.916327302262354e-03 
 9.999999999999881e+01  1.122748088410635e-07  2.881758988335909e-03 
 1.023292992280742e+02  1.110431258593827e-07  2.847505029095843e-03 
 1.047128548050887e+02  1.098256930110317e-07  2.813559414410919e-03 
 1.071519305237593e+02  1.086223506198986e-07  2.779916159956986e-03 
 1.096478196143172e+02  1.074329408859081e-07  2.746569298960225e-03 
 1.122018454301950e+02  1.062573078630941e-07  2.713512890559293e-03 
 1.148153621496869e+02  1.050952974378795e-07  2.680741023430178e-03 
 1.174897554939515e+02  1.039467573076875e-07  2.648247810801503e-03 
 1.202264434617398e+02  1.028115369596732e-07  2.616027398063684e-03 
 1.230268770812366e+02  1.016894876499870e-07  2.584073958618704e-03 
 1.258925411794152e+02  1.005804623827964e-07  2.552381706133321e-03 
 1.288249551693118e+02  9.948431589009632e-08  2.520944890480500e-03 
 1.318256738556391e+02  9.840090461127688e-08  2.489757798999154e-03 
 1.348962882591637e+02  9.733008667324779e-08  2.458814771433696e-03 
 1.380384264602868e+02  9.627172187063561e-08  2.428110189580524e-03 
 1.412537544622737e+02  9.522567164625537e-08  2.397638487444632e-03 
 1.445439770745910e+02  9.419179907175044e-08  2.367394160773061e-03 
 1.479108388168189e+02  9.316996882854653e-08  2.337371769108700e-03 
 1.513561248436189e+02  9.216004718893856e-08  2.307565937617294e-03 
 1.548816618912462e+02  9.116190199738130e-08  2.277971365092782e-03 
 1.584893192461094e+02  9.017540265209369e-08  2.248582838376032e-03 
 1.621810097358910e+02  8.920042008679207e-08  2.219395218657490e-03 
 1.659586907437540e+02  8.823682675257221e-08  2.190403474585548e-03 
 1.698243652461723e+02  8.728449660011162e-08  2.161602672198425e-03 
 1.737800828749354e+02  8.634330506201304e-08  2.132987989276487e-03 
 1.778279410038901e+02  8.541312903533528e-08  2.104554723038854e-03 
 1.819700858609961e+02  8.449384686525391e-08  2.076298195573262e-03 
 1.862087136662844e+02  8.358533832432146e-08  2.048214177151909e-03 
 1.905460717963223e+02  8.268748460106106e-08  2.020298274221678e-03 
 1.949844599758021e+02  8.180016827957591e-08  1.992546357200315e-03 
 1.995262314968855e+02  8.092327332401240e-08  1.964954462397946e-03 
 2.041737944669504e+02  8.005668506215407e-08  1.937518804412676e-03 
 2.089296130854013e+02  7.920029016930499e-08  1.910235788603057e-03 
 2.137962089502205e+02  7.835397665222903e-08  1.883102025627045e-03 
 2.187761623949525e+02  7.751763383338991e-08  1.856114331589364e-03 
 2.238721138568311e+02  7.669115233527145e-08  1.829269750376676e-03 
 2.290867652767744e+02  7.587442406490919e-08  1.802565559461955e-03 
 2.344228815319892e+02  7.506734219850507e-08  1.775999288422534e-03 
 2.398832919019460e+02  7.426980116637712e-08  1.749568713522241e-03 
 2.454708915684999e+02  7.348169663784403e-08  1.723271892366266e-03 
 2.511886431509548e+02  7.270292550645302e-08  1.697107152629228e-03 
 2.570395782768830e+02  7.193338587597256e-08  1.671073043581896e-03 
 2.630267991895348e+02  7.117297704293128e-08  1.645168632655861e-03 
 2.691534803926880e+02  7.042159948666902e-08  1.619393071607626e-03 
 2.754228703338130e+02  6.967915485206063e-08  1.593745905892394e-03 
 2.818382931264417e+02  6.894554593628166e-08  1.568227002833011e-03 
 2.884031503126568e+02  6.822067667471704e-08  1.542836559849103e-03 
 2.951209226666347e+02  6.750445212721189e-08  1.517575108551269e-03 
 3.019951720401976e+02  6.679677846440184e-08  1.492443521145664e-03 
 3.090295432513550e+02  6.609756295412580e-08  1.467443008578493e-03 
 3.162277660168338e+02  6.540671394869661e-08  1.442575069958343e-03 
 3.235936569296240e+02  6.472414086894259e-08  1.417841719261687e-03 
 3.311311214825867e+02  6.404975419510799e-08  1.393245132367779e-03 
 3.388441561391980e+02  6.338346545109995e-08  1.368787881344827e-03 
 3.467368504525271e+02  6.272518719228276e-08  1.344472871047679e-03 
 3.548133892335708e+02  6.207483299268761e-08  1.320303326214429e-03 
 3.630780547700965e+02  6.143231743304261e-08  1.296282736217669e-03 
 3.715352290971676e+02  6.079755608560257e-08  1.272415038760909e-03 
 3.801893963205561e+02  6.017046550563704e-08  1.248704314596856e-03 
 3.890451449942754e+02  5.955096321654244e-08  1.225154963888583e-03 
 3.981071705534919e+02  5.893896769826301e-08  1.201771646648677e-03 
 4.073802778041073e+02  5.833439837586675e-08  1.178559217770441e-03 
 4.168693834703298e+02  5.773717560515239e-08  1.155522871653673e-03 
 4.265795188015869e+02  5.714722066435968e-08  1.132667873733418e-03 
 4.365158322401601e+02  5.656445574007585e-08  1.109999703183170e-03 
 4.466835921509571e+02  5.598880391673037e-08  1.087523950914559e-03 
 4.570881896148688e+02  5.542018916272094e-08  1.065246430128177e-03 
 4.677351412871918e+02  5.485853632249533e-08  1.043172943221106e-03 
 4.786300923226318e+02  5.430377110283342e-08  1.021309392004249e-03 
 4.897788193684394e+02  5.375582006273431e-08  9.996616882261451e-04 
 5.011872336272654e+02  5.321461060014655e-08  9.782358349290303e-04 
 5.128613839913578e+02  5.268007094467312e-08  9.570377009777948e-04 
 5.248074602497653e+02  5.215213014227005e-08  9.360732144426788e-04 
 5.370317963702453e+02  5.163071804822549e-08  9.153481406694815e-04 
 5.495408738576169e+02  5.111576531466710e-08  8.948681455135633e-04 
 5.623413251903413e+02  5.060720337841055e-08  8.746388254128153e-04 
 5.754399373371490e+02  5.010496445395290e-08  8.546655275304576e-04 
 5.888436553555808e+02  4.960898151889408e-08  8.349534947512395e-04 
 6.025595860743495e+02  4.911918830753149e-08  8.155076802912167e-04 
 6.165950018614736e+02  4.863551929659577e-08  7.963328786340382e-04 
 6.309573444801845e+02  4.815790969888502e-08  7.774335572809426e-04 
 6.456542290346465e+02  4.768629544926961e-08  7.588139790147297e-04 
 6.606934480075868e+02  4.722061319843572e-08  7.404780490289642e-04 
 6.760829753919722e+02  4.676080029909884e-08  7.224294286987733e-04 
 6.918309709189267e+02  4.630679479983055e-08  7.046714002222255e-04 
 7.079457843841279e+02  4.585853543204577e-08  6.872069573233432e-04 
 7.244359600749798e+02  4.541596160159923e-08  6.700387508199911e-04 
 7.413102413009070e+02  4.497901338043484e-08  6.531690474757452e-04 
 7.585775750291730e+02  4.454763149440923e-08  6.365997979173301e-04 
 7.762471166286807e+02  4.412175731549151e-08  6.203325847721908e-04 
 7.943282347242701e+02  4.370133285194665e-08  6.043686332716000e-04 
 8.128305161640876e+02  4.328630073896086e-08  5.887088131458282e-04 
 8.317637711026591e+02  4.287660422942891e-08  5.733536405672408e-04 
 8.511380382023643e+02  4.247218718470896e-08  5.583032819634440e-04 
 8.709635899560682e+02  4.207299406556690e-08  5.435575608906508e-04 
 8.912509381337328e+02  4.167896992316805e-08  5.291159644910142e-04 
 9.120108393558967e+02  4.129006039008793e-08  5.149776529402109e-04 
 9.332543007969776e+02  4.090621167150040e-08  5.011414688088022e-04 
 9.549925860214222e+02  4.052737053637237e-08  4.876059481718661e-04 
 9.772372209557966e+02  4.015348430915790e-08  4.743693271509057e-04 
 9.999999999999856e+02  3.978450085967466e-08  4.614295767042796e-04 
 1.023292992280739e+03  3.942036859682629e-08  4.487843821270091e-04 
 1.047128548050884e+03  3.906103645901900e-08  4.364311756025468e-04 
 1.071519305237591e+03  3.870645390473920e-08  4.243671628989723e-04 
 1.096478196143169e+03  3.835657090674812e-08  4.125893064389818e-04 
 1.122018454301947e+03  3.801133794144888e-08  4.010943713467375e-04 
 1.148153621496866e+03  3.767070598216126e-08  3.898789222115822e-04 
 1.174897554939512e+03  3.733462649041671e-08  3.789393469967824e-04 
 1.202264434617395e+03  3.700305140941258e-08  3.682718577325199e-04 
 1.230268770812363e+03  3.667593315440234e-08  3.578725228552743e-04 
 1.258925411794148e+03  3.635322460508006e-08  3.477372799308011e-04 
 1.288249551693115e+03  3.603487909948184e-08  3.378619353085750e-04 
 1.318256738556387e+03  3.572085042514943e-08  3.282421901077347e-04 
 1.348962882591633e+03  3.541109281229476e-08  3.188736486222762e-04 
 1.380384264602864e+03  3.510556092518712e-08  3.097518398756373e-04 
 1.412537544622733e+03  3.480420985704723e-08  3.008722149079648e-04 
 1.445439770745906e+03  3.450699512072305e-08  2.922301738901576e-04 
 1.479108388168185e+03  3.421387264287091e-08  2.838210688542416e-04 
 1.513561248436185e+03  3.392479875664270e-08  2.756402172339824e-04 
 1.548816618912458e+03  3.363973019485480e-08  2.676829117530648e-04 
 1.584893192461089e+03  3.335862408350837e-08  2.599444291432684e-04 
 1.621810097358905e+03  3.308143793401845e-08  2.524200447322968e-04 
 1.659586907437535e+03  3.280812963863528e-08  2.451050316615010e-04 
 1.698243652461718e+03  3.253865746207362e-08  2.379946782740393e-04 
 1.737800828749349e+03  3.227298003631593e-08  2.310842902541814e-04 
 1.778279410038895e+03  3.201105635440270e-08  2.243691982809089e-04 
 1.819700858609955e+03  3.175284576329520e-08  2.178447680540884e-04 
 1.862087136662838e+03  3.149830795975230e-08  2.115063997756404e-04 
 1.905460717963218e+03  3.124740298267695e-08  2.053495400075314e-04 
 1.949844599758015e+03  3.100009120843094e-08  1.993696829698357e-04 
 1.995262314968848e+03  3.075633334497219e-08  1.935623760323645e-04 
 2.041737944669497e+03  3.051609042665084e-08  1.879232231110059e-04 
 2.089296130854007e+03  3.027932380812245e-08  1.824478902877717e-04 
 2.137962089502199e+03  3.004599515987140e-08  1.771321069447196e-04 
 2.187761623949518e+03  2.981606646311851e-08  1.719716689653048e-04 
 2.238721138568304e+03  2.958950000416822e-08  1.669624426338280e-04 
 2.290867652767737e+03  2.936625837029368e-08  1.621003652965522e-04 
 2.344228815319885e+03  2.914630444481924e-08  1.573814477286679e-04 
 2.398832919019453e+03  2.892960140278004e-08  1.528017752929419e-04 
 2.454708915684992e+03  2.871611270607332e-08  1.483575100367028e-04 
 2.511886431509540e+03  2.850580209897350e-08  1.440448918587364e-04 
 2.570395782768823e+03  2.829863360527854e-08  1.398602372985001e-04 
 2.630267991895340e+03  2.809457152302711e-08  1.357999421634566e-04 
 2.691534803926873e+03  2.789358042084313e-08  1.318604813374014e-04 
 2.754228703338123e+03  2.769562513465035e-08  1.280384084213973e-04 
 2.818382931264409e+03  2.750067076406404e-08  1.243303557231483e-04 
 2.884031503126560e+03  2.730868266834473e-08  1.207330347909448e-04 
 2.951209226666339e+03  2.711962646390368e-08  1.172432351475786e-04 
 3.019951720401968e+03  2.693346802052709e-08  1.138578244622343e-04 
 3.090295432513541e+03  2.675017345837988e-08  1.105737478726672e-04 
 3.162277660168329e+03  2.656970914549161e-08  1.073880269295748e-04 
 3.235936569296231e+03  2.639204169517602e-08  1.042977586924084e-04 
 3.311311214825857e+03  2.621713796233340e-08  1.013001157099272e-04 
 3.388441561391970e+03  2.604496504207039e-08  9.839234412391753e-05 
 3.467368504525260e+03  2.587549026734614e-08  9.557176270236246e-05 
 3.548133892335697e+03  2.570868120572440e-08  9.283576245507399e-05 
 3.630780547700954e+03  2.554450565851166e-08  9.018180461539697e-05 
 3.715352290971664e+03  2.538293165813492e-08  8.760741991703049e-05 
 3.801893963205549e+03  2.522392746650544e-08  8.511020721940078e-05 
 3.890451449942742e+03  2.506746157317055e-08  8.268783231401039e-05 
 3.981071705534907e+03  2.491350269438738e-08  8.033802628640486e-05 
 4.073802778041060e+03  2.476201977074651e-08  7.805858469537601e-05 
 4.168693834703285e+03  2.461298196649428e-08  7.584736587821581e-05 
 4.265795188015855e+03  2.446635866801682e-08  7.370228975611933e-05 
 4.365158322401587e+03  2.432211948337121e-08  7.162133621364712e-05 
 4.466835921509556e+03  2.418023424054964e-08  6.960254406133966e-05 
 4.570881896148673e+03  2.404067298664689e-08  6.764400963219510e-05 
 4.677351412871903e+03  2.390340598797283e-08  6.574388509848827e-05 
 4.786300923226302e+03  2.376840372852653e-08  6.390037744308267e-05 
 4.897788193684379e+03  2.363563690946748e-08  6.211174708042758e-05 
 5.011872336272638e+03  2.350507644960802e-08  6.037630621753860e-05 
 5.128613839913562e+03  2.337669348369611e-08  5.869241795148540e-05 
 5.248074602497637e+03  2.325045936308277e-08  5.705849466100331e-05 
 5.370317963702436e+03  2.312634565551450e-08  5.547299673218581e-05 
 5.495408738576152e+03  2.300432414424386e-08  5.393443147670383e-05 
 5.623413251903396e+03  2.288436682890019e-08  5.244135163901426e-05 
 5.754399373371471e+03  2.276644592513022e-08  5.099235425582181e-05 
 5.888436553555789e+03  2.265053386433807e-08  4.958607951493118e-05 
 6.025595860743474e+03  2.253660329469602e-08  4.822120936847094e-05 
 6.165950018614716e+03  2.242462708053242e-08  4.689646653652071e-05 
 6.309573444801824e+03  2.231457830308883e-08  4.561061325048299e-05 
 6.456542290346444e+03  2.220643026082355e-08  4.436245013295261e-05 
 6.606934480075846e+03  2.210015646957923e-08  4.315081512575493e-05 
 6.760829753919701e+03  2.199573066298717e-08  4.197458240361161e-05 
 6.918309709189245e+03  2.189312679335572e-08  4.083266124627062e-05 
 7.079457843841256e+03  2.179231903140762e-08  3.972399511947841e-05 
 7.244359600749774e+03  2.169328176762557e-08  3.864756053417601e-05 
 7.413102413009045e+03  2.159598961206046e-08  3.760236616807221e-05 
 7.585775750291705e+03  2.150041739540355e-08  3.658745182729232e-05 
 7.762471166286781e+03  2.140654016914865e-08  3.560188755993532e-05 
 7.943282347242675e+03  2.131433320665347e-08  3.464477268011655e-05 
 8.128305161640849e+03  2.122377200306241e-08  3.371523495500210e-05 
 8.317637711026564e+03  2.113483227665056e-08  3.281242964631969e-05 
 8.511380382023615e+03  2.104748996875384e-08  3.193553873872352e-05 
 8.709635899560653e+03  2.096172124471826e-08  3.108377007397928e-05 
 8.912509381337299e+03  2.087750249456355e-08  3.025635654273479e-05 
 9.120108393558938e+03  2.079481033309423e-08  2.945255534953048e-05 
 9.332543007969747e+03  2.071362160080363e-08  2.867164721687112e-05 
 9.549925860214193e+03  2.063391336439082e-08  2.791293565166709e-05 
 9.772372209557936e+03  2.055566291700980e-08  2.717574625171935e-05 
 9.999999999999825e+03  2.047884777916169e-08  2.645942597370190e-05 
 1.023292992280736e+04  2.040344569864728e-08  2.576334249915404e-05 
 1.047128548050881e+04  2.032943465138868e-08  2.508688354613755e-05 
 1.071519305237588e+04  2.025679284157146e-08  2.442945625112676e-05 
 1.096478196143166e+04  2.018549870214112e-08  2.379048653953166e-05 
 1.122018454301944e+04  2.011553089488392e-08  2.316941854222819e-05 
 1.148153621496863e+04  2.004686831098540e-08  2.256571399323968e-05 
 1.174897554939509e+04  1.997949007109534e-08  2.197885167710897e-05 
 1.202264434617392e+04  1.991337552536956e-08  2.140832688941261e-05 
 1.230268770812360e+04  1.984850425393448e-08  2.085365088550147e-05 
 1.258925411794145e+04  1.978485606662214e-08  2.031435038778657e-05 
 1.288249551693111e+04  1.972241100313175e-08  1.978996707890746e-05 
 1.318256738556384e+04  1.966114933306828e-08  1.928005711516931e-05 
 1.348962882591630e+04  1.960105155572703e-08  1.878419066601407e-05 
 1.380384264602860e+04  1.954209840003762e-08  1.830195145744231e-05 
 1.412537544622729e+04  1.948427082447150e-08  1.783293632700429e-05 
 1.445439770745902e+04  1.942755001656936e-08  1.737675481139008e-05 
 1.479108388168181e+04  1.937191739275572e-08  1.693302872762226e-05 
 1.513561248436181e+04  1.931735459803218e-08  1.650139177236586e-05 
 1.548816618912454e+04  1.926384350550245e-08  1.608148913903786e-05 
 1.584893192461085e+04  1.921136621589517e-08  1.567297714385910e-05 
 1.621810097358901e+04  1.915990505697868e-08  1.527552286661702e-05 
 1.659586907437531e+04  1.910944258302427e-08  1.488880379824999e-05 
 1.698243652461714e+04  1.905996157430904e-08  1.451250749531538e-05 
 1.737800828749345e+04  1.901144503605018e-08  1.414633126815467e-05 
 1.778279410038891e+04  1.896387619794548e-08  1.378998185005076e-05 
 1.819700858609951e+04  1.891723851330520e-08  1.344317509330348e-05 
 1.862087136662834e+04  1.887151565802673e-08  1.310563567749390e-05 
 1.905460717963213e+04  1.882669152985222e-08  1.277709681576614e-05 
 1.949844599758010e+04  1.878275024720364e-08  1.245729998321740e-05 
 1.995262314968844e+04  1.873967614827517e-08  1.214599464348210e-05 
 2.041737944669493e+04  1.869745378994611e-08  1.184293798845790e-05 
 2.089296130854002e+04  1.865606794653940e-08  1.154789469125181e-05 
 2.137962089502194e+04  1.861550360868308e-08  1.126063666014128e-05 
 2.187761623949514e+04  1.857574598210175e-08  1.098094280327546e-05 
 2.238721138568300e+04  1.853678048620601e-08  1.070859880481020e-05 
 2.290867652767732e+04  1.849859275295617e-08  1.044339689837197e-05 
 2.344228815319880e+04  1.846116862523827e-08  1.018513566314940e-05 
 2.398832919019448e+04  1.842449415567362e-08  9.933619810003524e-06 
 2.454708915684986e+04  1.838855560495446e-08  9.688659989532306e-06 
 2.511886431509535e+04  1.835333944044922e-08  9.450072596108449e-06 
 2.570395782768818e+04  1.831883233461240e-08  9.217679583662063e-06 
 2.630267991895334e+04  1.828502116336111e-08  8.991308287028166e-06 
 2.691534803926867e+04  1.825189300452303e-08  8.770791246339210e-06 
 2.754228703338117e+04  1.821943513620223e-08  8.555966038364947e-06 
 2.818382931264403e+04  1.818763503489000e-08  8.346675120562391e-06 
 2.884031503126553e+04  1.815648037400226e-08  8.142765666232660e-06 
 2.951209226666332e+04  1.812595902189306e-08  7.944089419819765e-06 
 3.019951720401961e+04  1.809605904023525e-08  7.750502545714473e-06 
 3.090295432513534e+04  1.806676868214192e-08  7.561865488593850e-06 
 3.162277660168322e+04  1.803807639029769e-08  7.378042837536125e-06 
 3.235936569296224e+04  1.800997079519243e-08  7.198903191056413e-06 
 3.311311214825851e+04  1.798244071314290e-08  7.024319031917079e-06 
 3.388441561391963e+04  1.795547514439644e-08  6.854166603311108e-06 
 3.467368504525253e+04  1.792906327128794e-08  6.688325787184204e-06 
 3.548133892335689e+04  1.790319445624657e-08  6.526679990391042e-06 
 3.630780547700946e+04  1.787785823978181e-08  6.369116034337948e-06 
 3.715352290971656e+04  1.785304433867571e-08  6.215524042840954e-06 
 3.801893963205542e+04  1.782874264381089e-08  6.065797343064938e-06 
 3.890451449942734e+04  1.780494321828306e-08  5.919832361365949e-06 
 3.981071705534899e+04  1.778163629536750e-08  5.777528526987424e-06 
 4.073802778041051e+04  1.775881227655383e-08  5.638788176397003e-06 
 4.168693834703276e+04  1.773646172940261e-08  5.503516465272695e-06 
 4.265795188015846e+04  1.771457538568551e-08  5.371621276297341e-06 
 4.365158322401578e+04  1.769314413916614e-08  5.243013138703893e-06 
 4.466835921509547e+04  1.767215904376926e-08  5.117605140801526e-06 
 4.570881896148664e+04  1.765161131134025e-08  4.995312855449959e-06 
 4.677351412871894e+04  1.763149230976496e-08  4.876054259435919e-06 
 4.786300923226294e+04  1.761179356083974e-08  4.759749660905655e-06 
 4.897788193684370e+04  1.759250673826050e-08  4.646321627222029e-06 
 5.011872336272628e+04  1.757362366562790e-08  4.535694914260594e-06 
 5.128613839913552e+04  1.755513631435640e-08  4.427796400636007e-06 
 5.248074602497627e+04  1.753703680168807e-08  4.322555021770281e-06 
 5.370317963702425e+04  1.751931738863526e-08  4.219901707849389e-06 
 5.495408738576141e+04  1.750197047802690e-08  4.119769321632199e-06 
 5.623413251903383e+04  1.748498861244420e-08  4.022092600979867e-06 
 5.754399373371459e+04  1.746836447228144e-08  3.926808100649980e-06 
 5.888436553555776e+04  1.745209087372144e-08  3.833854138052572e-06 
 6.025595860743462e+04  1.743616076674475e-08  3.743170740450304e-06 
 6.165950018614703e+04  1.742056723321380e-08  3.654699592312679e-06 
 6.309573444801811e+04  1.740530348488954e-08  3.568383986072641e-06 
 6.456542290346430e+04  1.739036286150459e-08  3.484168773688204e-06 
 6.606934480075832e+04  1.737573882882146e-08  3.402000320421946e-06 
 6.760829753919686e+04  1.736142497670827e-08  3.321826459831061e-06 
 6.918309709189230e+04  1.734741501732963e-08  3.243596448176913e-06 
 7.079457843841241e+04  1.733370278311517e-08  3.167260925547545e-06 
 7.244359600749759e+04  1.732028222505744e-08  3.092771871196130e-06 
 7.413102413009030e+04  1.730714741073183e-08  3.020082567008530e-06 
 7.585775750291689e+04  1.729429252253501e-08  2.949147557513665e-06 
 7.762471166286766e+04  1.728171185585847e-08  2.879922613077906e-06 
 7.943282347242659e+04  1.726939981729158e-08  2.812364694080672e-06 
 8.128305161640832e+04  1.725735092280549e-08  2.746431916980891e-06 
 8.317637711026546e+04  1.724555979609927e-08  2.682083518301120e-06 
 8.511380382023596e+04  1.723402116674367e-08  2.619279824763231e-06 
 8.709635899560634e+04  1.722272986851693e-08  2.557982220399354e-06 
 8.912509381337279e+04  1.721168083772893e-08  2.498153115618041e-06 
 9.120108393558917e+04  1.720086911151775e-08  2.439755918050400e-06 
 9.332543007969725e+04  1.719028982616031e-08  2.382755004748538e-06 
 9.549925860214169e+04  1.717993821550508e-08  2.327115692767922e-06 
 9.772372209557911e+04  1.716980960933484e-08  2.272804212918703e-06 
 9.999999999999799e+04  1.715989943171897e-08  2.219787684836741e-06 
 1.023292992280734e+05  1.715020319954223e-08  2.168034089617688e-06 
 1.047128548050878e+05  1.714071652088099e-08  2.117512246998883e-06 
 1.071519305237585e+05  1.713143509350928e-08  2.068191790998818e-06 
 1.096478196143163e+05  1.712235470337652e-08  2.020043147341508e-06 
 1.122018454301941e+05  1.711347122316653e-08  1.973037510352176e-06 
 1.148153621496859e+05  1.710478061080269e-08  1.927146822259284e-06 
 1.174897554939506e+05  1.709627890804189e-08  1.882343751664217e-06 
 1.202264434617388e+05  1.708796223904501e-08  1.838601673660749e-06 
 1.230268770812357e+05  1.707982680898327e-08  1.795894650347780e-06 
 1.258925411794142e+05  1.707186890272948e-08  1.754197410662373e-06 
 1.288249551693108e+05  1.706408488346012e-08  1.713485333056524e-06 
 1.318256738556380e+05  1.705647119135696e-08  1.673734427343781e-06 
 1.348962882591626e+05  1.704902434232630e-08  1.634921317007463e-06 
 1.380384264602856e+05  1.704174092674486e-08  1.597023222146382e-06 
 1.412537544622725e+05  1.703461760818781e-08  1.560017943688012e-06 
 1.445439770745898e+05  1.702765112222936e-08  1.523883847178482e-06 
 1.479108388168177e+05  1.702083827523243e-08  1.488599847707554e-06 
 1.513561248436177e+05  1.701417594322590e-08  1.454145394070830e-06 
 1.548816618912449e+05  1.700766107068899e-08  1.420500455678662e-06 
 1.584893192461080e+05  1.700129066950279e-08  1.387645507142608e-06 
 1.621810097358896e+05  1.699506181781334e-08  1.355561515393151e-06 
 1.659586907437526e+05  1.698897165896549e-08  1.324229926420440e-06 
 1.698243652461709e+05  1.698301740048428e-08  1.293632651930397e-06 
 1.737800828749339e+05  1.697719631302785e-08  1.263752057345408e-06 
 1.778279410038886e+05  1.697150572940703e-08  1.234570949517348e-06 
 1.819700858609945e+05  1.696594304362755e-08  1.206072564684962e-06 
 1.862087136662828e+05  1.696050570992297e-08  1.178240557560521e-06 
 1.905460717963207e+05  1.695519124186156e-08  1.151058989827622e-06 
 1.949844599758004e+05  1.694999721144131e-08  1.124512319534792e-06 
 1.995262314968837e+05  1.694492124823091e-08  1.098585390614638e-06 
 2.041737944669486e+05  1.693996103853773e-08  1.073263422610325e-06 
 2.089296130853995e+05  1.693511432458003e-08  1.048532001011105e-06 
 2.137962089502187e+05  1.693037890372132e-08  1.024377067395668e-06 
 2.187761623949506e+05  1.692575262769585e-08  1.000784910334879e-06 
 2.238721138568292e+05  1.692123340189485e-08  9.777421560730839e-07 
 2.290867652767724e+05  1.691681918463564e-08  9.552357602263423e-07 
 2.344228815319872e+05  1.691250798652340e-08  9.332529984893262e-07 
 2.398832919019439e+05  1.690829786976705e-08  9.117814590115920e-07 
 2.454708915684978e+05  1.690418694758860e-08  8.908090338150502e-07 
 2.511886431509526e+05  1.690017338360323e-08  8.703239114035111e-07 
 2.570395782768808e+05  1.689625539128297e-08  8.503145687010931e-07 
 2.630267991895325e+05  1.689243123341402e-08  8.307697637842288e-07 
 2.691534803926857e+05  1.688869922159465e-08  8.116785286711028e-07 
 2.754228703338107e+05  1.688505771574635e-08  7.930301625197689e-07 
 2.818382931264393e+05  1.688150512370212e-08  7.748142243447417e-07 
 2.884031503126543e+05  1.687803990077130e-08  7.570205267345012e-07 
 2.951209226666322e+05  1.687466054936252e-08  7.396391293554483e-07 
 3.019951720401950e+05  1.687136561864321e-08  7.226603325599423e-07 
 3.090295432513523e+05  1.686815370422893e-08  7.060746712462214e-07 
 3.162277660168310e+05  1.686502344788610e-08  6.898729091106611e-07 
 3.235936569296212e+05  1.686197353729339e-08  6.740460327435565e-07 
 3.311311214825838e+05  1.685900270583055e-08  6.585852459994075e-07 
 3.388441561391951e+05  1.685610973240278e-08  6.434819645056671e-07 
 3.467368504525240e+05  1.685329344128608e-08  6.287278104853403e-07 
 3.548133892335676e+05  1.685055270204549e-08  6.143146073334872e-07 
 3.630780547700933e+05  1.684788642944399e-08  6.002343748415082e-07 
 3.715352290971643e+05  1.684529358343778e-08  5.864793240569237e-07 
 3.801893963205527e+05  1.684277316917492e-08  5.730418526572998e-07 
 3.890451449942719e+05  1.684032423704859e-08  5.599145402857597e-07 
 3.981071705534884e+05  1.683794588280372e-08  5.470901439258251e-07 
 4.073802778041036e+05  1.683563724766912e-08  5.345615935147502e-07 
 4.168693834703261e+05  1.683339751853134e-08  5.223219878574136e-07 
 4.265795188015831e+05  1.683122592817969e-08  5.103645901351114e-07 
 4.365158322401562e+05  1.682912175556932e-08  4.986828240846424e-07 
 4.466835921509531e+05  1.682708432615115e-08  4.872702698681289e-07 
 4.570881896148648e+05  1.682511301223721e-08  4.761206603935655e-07 
 4.677351412871877e+05  1.682320723343785e-08  4.652278773468156e-07 
 4.786300923226276e+05  1.682136645712555e-08  4.545859477132618e-07 
 4.897788193684352e+05  1.681959019897505e-08  4.441890401252453e-07 
 5.011872336272610e+05  1.681787802354425e-08  4.340314614438563e-07 
 5.128613839913533e+05  1.681622954493643e-08  4.241076532375993e-07 
 5.248074602497608e+05  1.681464442748183e-08  4.144121887158296e-07 
 5.370317963702406e+05  1.681312238652519e-08  4.049397693359337e-07 
 5.495408738576121e+05  1.681166318925229e-08  3.956852217422919e-07 
 5.623413251903363e+05  1.681026665558737e-08  3.866434947103886e-07 
 5.754399373371438e+05  1.680893265915942e-08  3.778096562133483e-07 
 5.888436553555755e+05  1.680766112834360e-08  3.691788904787333e-07 
 6.025595860743440e+05  1.680645204737330e-08  3.607464951711146e-07 
 6.165950018614681e+05  1.680530545752559e-08  3.525078786887796e-07 
 6.309573444801788e+05  1.680422145838793e-08  3.444585574490817e-07 
 6.456542290346407e+05  1.680320020921076e-08  3.365941533016768e-07 
 6.606934480075808e+05  1.680224193033294e-08  3.289103909692772e-07 
 6.760829753919662e+05  1.680134690471311e-08  3.214030955480642e-07 
 6.918309709189205e+05  1.680051547952917e-08  3.140681901608488e-07 
 7.079457843841215e+05  1.679974806789327e-08  3.069016935172223e-07 
 7.244359600749733e+05  1.679904515064706e-08  2.998997176931927e-07 
 7.413102413009004e+05  1.679840727827408e-08  2.930584658179366e-07 
 7.585775750291662e+05  1.679783507290782e-08  2.863742298880001e-07 
 7.762471166286737e+05  1.679732923042919e-08  2.798433888091255e-07 
 7.943282347242631e+05  1.679689052272530e-08  2.734624060757505e-07 
 8.128305161640804e+05  1.679651980002069e-08  2.672278278659977e-07 
 8.317637711026516e+05  1.679621799333949e-08  2.611362811064178e-07 
 8.511380382023565e+05  1.679598611710758e-08  2.551844714591763e-07 
 8.709635899560602e+05  1.679582527185866e-08  2.493691815517139e-07 
 8.912509381337245e+05  1.679573664711028e-08  2.436872689953073e-07 
 9.120108393558882e+05  1.679572152433884e-08  2.381356647375038e-07 
 9.332543007969690e+05  1.679578128011572e-08  2.327113713024351e-07 
 9.549925860214133e+05  1.679591738941433e-08  2.274114609693234e-07 
 9.772372209557875e+05  1.679613142901739e-08  2.222330743004147e-07 
 9.999999999999763e+05  1.679642508114703e-08  2.171734183332600e-07 
 1.023292992280730e+06  1.679680013719368e-08  2.122297651955222e-07 
 1.047128548050875e+06  1.679725850167032e-08  2.073994504172975e-07 
 1.071519305237581e+06  1.679780219630761e-08  2.026798714970183e-07 
 1.096478196143159e+06  1.679843336434116e-08  1.980684864268083e-07 
 1.122018454301937e+06  1.679915427498525e-08  1.935628122488906e-07 
 1.148153621496855e+06  1.679996732808973e-08  1.891604236973219e-07 
 1.174897554939501e+06  1.680087505900813e-08  1.848589517902503e-07 
 1.202264434617384e+06  1.680188014364781e-08  1.806560825703454e-07 
 1.230268770812352e+06  1.680298540375743e-08  1.765495557328002e-07 
 1.258925411794137e+06  1.680419381240452e-08  1.725371633994768e-07 
 1.288249551693103e+06  1.680550849968031e-08  1.686167488857318e-07 
 1.318256738556375e+06  1.680693275863089e-08  1.647862055030313e-07 
 1.348962882591621e+06  1.680847005141778e-08  1.610434753770514e-07 
 1.380384264602852e+06  1.681012401571517e-08  1.573865483009526e-07 
 1.412537544622720e+06  1.681189847136286e-08  1.538134605715725e-07 
 1.445439770745893e+06  1.681379742721264e-08  1.503222940084248e-07 
 1.479108388168172e+06  1.681582508828772e-08  1.469111748081100e-07 
 1.513561248436171e+06  1.681798586318797e-08  1.435782724434731e-07 
 1.548816618912444e+06  1.682028437168098e-08  1.403217988020509e-07 
 1.584893192461075e+06  1.682272545264740e-08  1.371400070776970e-07 
 1.621810097358890e+06  1.682531417224591e-08  1.340311908024489e-07 
 1.659586907437520e+06  1.682805583231450e-08  1.309936829839121e-07 
 1.698243652461703e+06  1.683095597909202e-08  1.280258551074966e-07 
 1.737800828749333e+06  1.683402041217955e-08  1.251261162415835e-07 
 1.778279410038879e+06  1.683725519374523e-08  1.222929122012067e-07 
 1.819700858609939e+06  1.684066665802536e-08  1.195247246549234e-07 
 1.862087136662822e+06  1.684426142108470e-08  1.168200702569260e-07 
 1.905460717963201e+06  1.684804639077677e-08  1.141774999076941e-07 
 1.949844599757998e+06  1.685202877704607e-08  1.115955978431920e-07 
 1.995262314968831e+06  1.685621610235872e-08  1.090729809609543e-07 
 2.041737944669479e+06  1.686061621244771e-08  1.066082979958899e-07 
 2.089296130853988e+06  1.686523728727014e-08  1.042002287428123e-07 
 2.137962089502180e+06  1.687008785207830e-08  1.018474834191372e-07 
 2.187761623949499e+06  1.687517678880471e-08  9.954880186310023e-08 
 2.238721138568284e+06  1.688051334752069e-08  9.730295287195737e-08 
 2.290867652767716e+06  1.688610715806200e-08  9.510873352787554e-08 
 2.344228815319864e+06  1.689196824176679e-08  9.296496853604225e-08 
 2.398832919019431e+06  1.689810702336113e-08  9.087050951485534e-08 
 2.454708915684969e+06  1.690453434278363e-08  8.882423442794430e-08 
 2.511886431509518e+06  1.691126146710601e-08  8.682504693214370e-08 
 2.570395782768800e+06  1.691830010235578e-08  8.487187581213171e-08 
 2.630267991895317e+06  1.692566240543723e-08  8.296367426698706e-08 
 2.691534803926849e+06  1.693336099563653e-08  8.109941947072611e-08 
 2.754228703338098e+06  1.694140896623333e-08  7.927811188058598e-08 
 2.818382931264383e+06  1.694981989559710e-08  7.749877478486191e-08 
 2.884031503126534e+06  1.695860785819442e-08  7.576045366406058e-08 
 2.951209226666312e+06  1.696778743500018e-08  7.406221572343977e-08 
 3.019951720401940e+06  1.697737372354394e-08  7.240314933061464e-08 
 3.090295432513513e+06  1.698738234727589e-08  7.078236354301690e-08 
 3.162277660168299e+06  1.699782946439463e-08  6.919898754459295e-08 
 3.235936569296201e+06  1.700873177567363e-08  6.765217022504405e-08 
 3.311311214825827e+06  1.702010653157666e-08  6.614107964241573e-08 
 3.388441561391939e+06  1.703197153818991e-08  6.466490258494407e-08 
 3.467368504525228e+06  1.704434516202443e-08  6.322284410113667e-08 
 3.548133892335664e+06  1.705724633351509e-08  6.181412703735579e-08 
 3.630780547700921e+06  1.707069454896492e-08  6.043799161224957e-08 
 3.715352290971631e+06  1.708470987090690e-08  5.909369496532111e-08 
 3.801893963205515e+06  1.709931292653603e-08  5.778051075532390e-08 
 3.890451449942707e+06  1.711452490422492e-08  5.649772872113997e-08 
 3.981071705534871e+06  1.713036754776392e-08  5.524465427479760e-08 
 4.073802778041023e+06  1.714686314812416e-08  5.402060811292752e-08 
 4.168693834703247e+06  1.716403453259041e-08  5.282492582469262e-08 
 4.265795188015817e+06  1.718190505110844e-08  5.165695748479417e-08 
 4.365158322401547e+06  1.720049855931197e-08  5.051606730478493e-08 
 4.466835921509515e+06  1.721983939827149e-08  4.940163326343720e-08 
 4.570881896148631e+06  1.723995237078596e-08  4.831304671029603e-08 
 4.677351412871860e+06  1.726086271346486e-08  4.724971205046637e-08 
 4.786300923226259e+06  1.728259606487584e-08  4.621104638901579e-08 
 4.897788193684334e+06  1.730517842923744e-08  4.519647918943465e-08 
 5.011872336272592e+06  1.732863613551697e-08  4.420545192920631e-08 
 5.128613839913514e+06  1.735299579139941e-08  4.323741779688677e-08 
 5.248074602497589e+06  1.737828423220350e-08  4.229184136985147e-08 
 5.370317963702387e+06  1.740452846431714e-08  4.136819830537174e-08 
 5.495408738576102e+06  1.743175560299478e-08  4.046597503746663e-08 
 5.623413251903344e+06  1.745999280410353e-08  3.958466849760991e-08 
 5.754399373371419e+06  1.748926719007967e-08  3.872378580525362e-08 
 5.888436553555735e+06  1.751960576902471e-08  3.788284404307303e-08 
 6.025595860743419e+06  1.755103534830973e-08  3.706136991832404e-08 
 6.165950018614660e+06  1.758358244046632e-08  3.625889958301713e-08 
 6.309573444801766e+06  1.761727316368687e-08  3.547497831912082e-08 
 6.456542290346385e+06  1.765213313471355e-08  3.470916034145461e-08 
 6.606934480075786e+06  1.768818735562546e-08  3.396100856098530e-08 
 6.760829753919640e+06  1.772546009403714e-08  3.323009435947144e-08 
 6.918309709189182e+06  1.776397475716377e-08  3.251599736522275e-08 
 7.079457843841192e+06  1.780375375902970e-08  3.181830529428414e-08 
 7.244359600749710e+06  1.784481838269637e-08  3.113661373463939e-08 
 7.413102413008980e+06  1.788718863654161e-08  3.047052598130030e-08 
 7.585775750291637e+06  1.793088310614675e-08  2.981965284353276e-08 
 7.762471166286712e+06  1.797591880059661e-08  2.918361254657783e-08 
 7.943282347242604e+06  1.802231099648780e-08  2.856203054391556e-08 
 8.128305161640776e+06  1.807007307849264e-08  2.795453938283404e-08 
 8.317637711026489e+06  1.811921637661048e-08  2.736077864773662e-08 
 8.511380382023538e+06  1.816975000452007e-08  2.678039478767860e-08 
 8.709635899560574e+06  1.822168069621129e-08  2.621304105403871e-08 
 8.912509381337218e+06  1.827501264434560e-08  2.565837741559616e-08 
 9.120108393558854e+06  1.832974734098950e-08  2.511607048811696e-08 
 9.332543007969661e+06  1.838588342193249e-08  2.458579348302007e-08 
 9.549925860214103e+06  1.844341651690224e-08  2.406722613962288e-08 
 9.772372209557844e+06  1.850233910478484e-08  2.356005473586150e-08 
 9.999999999999732e+06  1.856264038005838e-08  2.306397199616073e-08 
