 frequency              onoise_spectrum       
 1.000000000000000e-02  3.750179098380815e-01 
 1.023292992280754e-02  3.704165067416405e-01 
 1.047128548050899e-02  3.658721285141977e-01 
 1.071519305237606e-02  3.613840625422285e-01 
 1.096478196143185e-02  3.569516051769417e-01 
 1.122018454301963e-02  3.525740616209259e-01 
 1.148153621496882e-02  3.482507458162358e-01 
 1.174897554939529e-02  3.439809803338974e-01 
 1.202264434617412e-02  3.397640962648159e-01 
 1.230268770812381e-02  3.355994331120689e-01 
 1.258925411794167e-02  3.314863386845660e-01 
 1.288249551693134e-02  3.274241689920570e-01 
 1.318256738556407e-02  3.234122881414742e-01 
 1.348962882591653e-02  3.194500682345883e-01 
 1.380384264602884e-02  3.155368892669642e-01 
 1.412537544622754e-02  3.116721390281977e-01 
 1.445439770745927e-02  3.078552130034196e-01 
 1.479108388168207e-02  3.040855142760476e-01 
 1.513561248436207e-02  3.003624534317735e-01 
 1.548816618912481e-02  2.966854484637673e-01 
 1.584893192461113e-02  2.930539246790852e-01 
 1.621810097358929e-02  2.894673146062630e-01 
 1.659586907437560e-02  2.859250579040840e-01 
 1.698243652461744e-02  2.824266012715020e-01 
 1.737800828749375e-02  2.789713983587082e-01 
 1.778279410038922e-02  2.755589096793256e-01 
 1.819700858609983e-02  2.721886025237168e-01 
 1.862087136662867e-02  2.688599508733924e-01 
 1.905460717963246e-02  2.655724353165033e-01 
 1.949844599758044e-02  2.623255429644056e-01 
 1.995262314968879e-02  2.591187673692840e-01 
 2.041737944669528e-02  2.559516084428188e-01 
 2.089296130854039e-02  2.528235723758847e-01 
 2.137962089502231e-02  2.497341715592680e-01 
 2.187761623949552e-02  2.466829245053886e-01 
 2.238721138568339e-02  2.436693557710148e-01 
 2.290867652767772e-02  2.406929958809580e-01 
 2.344228815319921e-02  2.377533812527343e-01 
 2.398832919019489e-02  2.348500541221818e-01 
 2.454708915685028e-02  2.319825624700204e-01 
 2.511886431509578e-02  2.291504599493427e-01 
 2.570395782768862e-02  2.263533058140240e-01 
 2.630267991895379e-02  2.235906648480400e-01 
 2.691534803926913e-02  2.208621072956795e-01 
 2.754228703338164e-02  2.181672087926430e-01 
 2.818382931264451e-02  2.155055502980130e-01 
 2.884031503126603e-02  2.128767180270876e-01 
 2.951209226666382e-02  2.102803033850650e-01 
 3.019951720402013e-02  2.077159029015679e-01 
 3.090295432513587e-02  2.051831181659982e-01 
 3.162277660168375e-02  2.026815557637104e-01 
 3.235936569296278e-02  2.002108272129942e-01 
 3.311311214825906e-02  1.977705489028545e-01 
 3.388441561392020e-02  1.953603420315815e-01 
 3.467368504525311e-02  1.929798325460970e-01 
 3.548133892335749e-02  1.906286510820708e-01 
 3.630780547701008e-02  1.883064329047945e-01 
 3.715352290971719e-02  1.860128178508048e-01 
 3.801893963205605e-02  1.837474502702467e-01 
 3.890451449942799e-02  1.815099789699658e-01 
 3.981071705534966e-02  1.793000571573218e-01 
 4.073802778041120e-02  1.771173423847139e-01 
 4.168693834703347e-02  1.749614964948088e-01 
 4.265795188015920e-02  1.728321855664615e-01 
 4.365158322401652e-02  1.707290798613217e-01 
 4.466835921509623e-02  1.686518537711167e-01 
 4.570881896148742e-02  1.666001857656005e-01 
 4.677351412871973e-02  1.645737583411631e-01 
 4.786300923226374e-02  1.625722579700904e-01 
 4.897788193684452e-02  1.605953750504659e-01 
 5.011872336272712e-02  1.586428038567071e-01 
 5.128613839913638e-02  1.567142424907282e-01 
 5.248074602497715e-02  1.548093928337205e-01 
 5.370317963702516e-02  1.529279604985440e-01 
 5.495408738576234e-02  1.510696547827208e-01 
 5.623413251903479e-02  1.492341886220242e-01 
 5.754399373371557e-02  1.474212785446546e-01 
 5.888436553555877e-02  1.456306446259957e-01 
 6.025595860743563e-02  1.438620104439435e-01 
 6.165950018614807e-02  1.421151030348003e-01 
 6.309573444801918e-02  1.403896528497267e-01 
 6.456542290346540e-02  1.386853937117449e-01 
 6.606934480075945e-02  1.370020627732865e-01 
 6.760829753919802e-02  1.353394004742765e-01 
 6.918309709189348e-02  1.336971505007480e-01 
 7.079457843841361e-02  1.320750597439814e-01 
 7.244359600749882e-02  1.304728782601587e-01 
 7.413102413009155e-02  1.288903592305301e-01 
 7.585775750291818e-02  1.273272589220832e-01 
 7.762471166286897e-02  1.257833366487102e-01 
 7.943282347242793e-02  1.242583547328662e-01 
 8.128305161640970e-02  1.227520784677127e-01 
 8.317637711026686e-02  1.212642760797391e-01 
 8.511380382023739e-02  1.197947186918583e-01 
 8.709635899560780e-02  1.183431802869674e-01 
 8.912509381337429e-02  1.169094376719706e-01 
 9.120108393559070e-02  1.154932704422559e-01 
 9.332543007969883e-02  1.140944609466221e-01 
 9.549925860214331e-02  1.127127942526479e-01 
 9.772372209558078e-02  1.113480581125001e-01 
 9.999999999999970e-02  1.100000429291735e-01 
 1.023292992280751e-01  1.086685417231578e-01 
 1.047128548050896e-01  1.073533500995252e-01 
 1.071519305237603e-01  1.060542662154349e-01 
 1.096478196143182e-01  1.047710907480483e-01 
 1.122018454301960e-01  1.035036268628489e-01 
 1.148153621496879e-01  1.022516801823636e-01 
 1.174897554939526e-01  1.010150587552784e-01 
 1.202264434617409e-01  9.979357302594521e-02 
 1.230268770812377e-01  9.858703580427353e-02 
 1.258925411794163e-01  9.739526223600248e-02 
 1.288249551693130e-01  9.621806977334903e-02 
 1.318256738556403e-01  9.505527814602630e-02 
 1.348962882591649e-01  9.390670933262875e-02 
 1.380384264602880e-01  9.277218753237841e-02 
 1.412537544622749e-01  9.165153913722823e-02 
 1.445439770745922e-01  9.054459270431775e-02 
 1.479108388168202e-01  8.945117892877671e-02 
 1.513561248436203e-01  8.837113061687231e-02 
 1.548816618912476e-01  8.730428265949523e-02 
 1.584893192461108e-01  8.625047200598111e-02 
 1.621810097358924e-01  8.520953763826203e-02 
 1.659586907437555e-01  8.418132054534483e-02 
 1.698243652461738e-01  8.316566369811143e-02 
 1.737800828749369e-01  8.216241202443757e-02 
 1.778279410038916e-01  8.117141238462545e-02 
 1.819700858609977e-01  8.019251354714686e-02 
 1.862087136662861e-01  7.922556616469206e-02 
 1.905460717963240e-01  7.827042275052164e-02 
 1.949844599758038e-01  7.732693765511627e-02 
 1.995262314968872e-01  7.639496704312169e-02 
 2.041737944669521e-01  7.547436887058430e-02 
 2.089296130854031e-01  7.456500286247436e-02 
 2.137962089502223e-01  7.366673049049260e-02 
 2.187761623949543e-01  7.277941495115717e-02 
 2.238721138568330e-01  7.190292114416685e-02 
 2.290867652767763e-01  7.103711565103735e-02 
 2.344228815319912e-01  7.018186671400720e-02 
 2.398832919019480e-01  6.933704421520978e-02 
 2.454708915685020e-01  6.850251965610815e-02 
 2.511886431509570e-01  6.767816613718901e-02 
 2.570395782768853e-01  6.686385833791321e-02 
 2.630267991895371e-01  6.605947249691893e-02 
 2.691534803926904e-01  6.526488639247452e-02 
 2.754228703338155e-01  6.447997932317794e-02 
 2.818382931264442e-01  6.370463208889958e-02 
 2.884031503126593e-01  6.293872697196543e-02 
 2.951209226666373e-01  6.218214771857737e-02 
 3.019951720402003e-01  6.143477952046793e-02 
 3.090295432513577e-01  6.069650899678605e-02 
 3.162277660168365e-01  5.996722417621157e-02 
 3.235936569296268e-01  5.924681447929488e-02 
 3.311311214825896e-01  5.853517070101927e-02 
 3.388441561392009e-01  5.783218499358309e-02 
 3.467368504525300e-01  5.713775084939892e-02 
 3.548133892335738e-01  5.645176308430685e-02 
 3.630780547700996e-01  5.577411782099963e-02 
 3.715352290971707e-01  5.510471247265612e-02 
 3.801893963205594e-01  5.444344572678159e-02 
 3.890451449942787e-01  5.379021752925103e-02 
 3.981071705534953e-01  5.314492906855392e-02 
 4.073802778041107e-01  5.250748276023716e-02 
 4.168693834703334e-01  5.187778223154411e-02 
 4.265795188015906e-01  5.125573230624705e-02 
 4.365158322401638e-01  5.064123898967060e-02 
 4.466835921509609e-01  5.003420945390390e-02 
 4.570881896148728e-01  4.943455202319871e-02 
 4.677351412871959e-01  4.884217615955171e-02 
 4.786300923226360e-01  4.825699244846792e-02 
 4.897788193684438e-01  4.767891258490369e-02 
 5.011872336272698e-01  4.710784935938643e-02 
 5.128613839913623e-01  4.654371664430896e-02 
 5.248074602497700e-01  4.598642938039662e-02 
 5.370317963702500e-01  4.543590356334445e-02 
 5.495408738576217e-01  4.489205623062253e-02 
 5.623413251903462e-01  4.435480544844739e-02 
 5.754399373371539e-01  4.382407029891734e-02 
 5.888436553555859e-01  4.329977086730948e-02 
 6.025595860743546e-01  4.278182822953668e-02 
 6.165950018614789e-01  4.227016443976207e-02 
 6.309573444801898e-01  4.176470251816953e-02 
 6.456542290346520e-01  4.126536643888772e-02 
 6.606934480075923e-01  4.077208111806607e-02 
 6.760829753919780e-01  4.028477240210062e-02 
 6.918309709189326e-01  3.980336705600781e-02 
 7.079457843841339e-01  3.932779275194442e-02 
 7.244359600749859e-01  3.885797805787181e-02 
 7.413102413009133e-01  3.839385242636242e-02 
 7.585775750291794e-01  3.793534618354719e-02 
 7.762471166286873e-01  3.748239051820144e-02 
 7.943282347242769e-01  3.703491747096815e-02 
 8.128305161640945e-01  3.659285992371631e-02 
 8.317637711026662e-01  3.615615158903311e-02 
 8.511380382023715e-01  3.572472699984786e-02 
 8.709635899560756e-01  3.529852149918630e-02 
 8.912509381337403e-01  3.487747123005330e-02 
 9.120108393559044e-01  3.446151312544269e-02 
 9.332543007969856e-01  3.405058489847238e-02 
 9.549925860214303e-01  3.364462503264311e-02 
 9.772372209558049e-01  3.324357277221956e-02 
 9.999999999999940e-01  3.284736811273186e-02 
 1.023292992280748e+00  3.245595179159633e-02 
 1.047128548050893e+00  3.206926527885374e-02 
 1.071519305237600e+00  3.168725076802358e-02 
 1.096478196143178e+00  3.130985116707297e-02 
 1.122018454301957e+00  3.093701008949875e-02 
 1.148153621496876e+00  3.056867184552101e-02 
 1.174897554939522e+00  3.020478143338727e-02 
 1.202264434617406e+00  2.984528453078511e-02 
 1.230268770812374e+00  2.949012748636252e-02 
 1.258925411794160e+00  2.913925731135428e-02 
 1.288249551693126e+00  2.879262167131297e-02 
 1.318256738556399e+00  2.845016887794357e-02 
 1.348962882591645e+00  2.811184788103990e-02 
 1.380384264602876e+00  2.777760826052202e-02 
 1.412537544622746e+00  2.744740021857304e-02 
 1.445439770745919e+00  2.712117457187402e-02 
 1.479108388168198e+00  2.679888274393604e-02 
 1.513561248436199e+00  2.648047675752776e-02 
 1.548816618912471e+00  2.616590922719751e-02 
 1.584893192461103e+00  2.585513335188872e-02 
 1.621810097358920e+00  2.554810290764727e-02 
 1.659586907437550e+00  2.524477224041978e-02 
 1.698243652461733e+00  2.494509625894164e-02 
 1.737800828749364e+00  2.464903042771350e-02 
 1.778279410038911e+00  2.435653076006518e-02 
 1.819700858609971e+00  2.406755381130590e-02 
 1.862087136662855e+00  2.378205667195957e-02 
 1.905460717963235e+00  2.349999643144233e-02 
 1.949844599758032e+00  2.322133229631409e-02 
 1.995262314968866e+00  2.294602238699113e-02 
 2.041737944669515e+00  2.267402586887548e-02 
 2.089296130854025e+00  2.240530240999968e-02 
 2.137962089502217e+00  2.213981217475052e-02 
 2.187761623949537e+00  2.187751581767013e-02 
 2.238721138568323e+00  2.161837447733404e-02 
 2.290867652767756e+00  2.136234977030470e-02 
 2.344228815319905e+00  2.110940378515985e-02 
 2.398832919019473e+00  2.085949907659445e-02 
 2.454708915685012e+00  2.061259865959542e-02 
 2.511886431509561e+00  2.036866600368824e-02 
 2.570395782768844e+00  2.012766502725409e-02 
 2.630267991895362e+00  1.988956009191723e-02 
 2.691534803926895e+00  1.965431599700102e-02 
 2.754228703338145e+00  1.942189797405218e-02 
 2.818382931264432e+00  1.919227168143208e-02 
 2.884031503126584e+00  1.896540319897428e-02 
 2.951209226666363e+00  1.874125902270742e-02 
 3.019951720401993e+00  1.851980605964249e-02 
 3.090295432513567e+00  1.830101162262379e-02 
 3.162277660168355e+00  1.808484342524258e-02 
 3.235936569296257e+00  1.787126957681256e-02 
 3.311311214825885e+00  1.766025817940988e-02 
 3.388441561391999e+00  1.745177891965615e-02 
 3.467368504525289e+00  1.724580066173827e-02 
 3.548133892335727e+00  1.704229304882328e-02 
 3.630780547700985e+00  1.684122609557690e-02 
 3.715352290971696e+00  1.664257018349277e-02 
 3.801893963205582e+00  1.644629605627779e-02 
 3.890451449942775e+00  1.625237481529289e-02 
 3.981071705534941e+00  1.606077791504819e-02 
 4.073802778041094e+00  1.587147715875212e-02 
 4.168693834703320e+00  1.568444469391340e-02 
 4.265795188015892e+00  1.549965230943739e-02 
 4.365158322401624e+00  1.531707423379827e-02 
 4.466835921509595e+00  1.513668291464555e-02 
 4.570881896148713e+00  1.495845183374425e-02 
 4.677351412871944e+00  1.478235479593844e-02 
 4.786300923226344e+00  1.460836592505553e-02 
 4.897788193684422e+00  1.443645965985829e-02 
 5.011872336272681e+00  1.426661075004398e-02 
 5.128613839913606e+00  1.409879425228983e-02 
 5.248074602497682e+00  1.393298552634421e-02 
 5.370317963702482e+00  1.376916023116259e-02 
 5.495408738576200e+00  1.360729432108791e-02 
 5.623413251903443e+00  1.344736404207436e-02 
 5.754399373371521e+00  1.328934592795404e-02 
 5.888436553555840e+00  1.313321679674578e-02 
 6.025595860743526e+00  1.297895374700537e-02 
 6.165950018614769e+00  1.282653415421663e-02 
 6.309573444801878e+00  1.267593509605131e-02 
 6.456542290346500e+00  1.252713564024004e-02 
 6.606934480075903e+00  1.238011339382802e-02 
 6.760829753919760e+00  1.223484680471435e-02 
 6.918309709189305e+00  1.209131458026928e-02 
 7.079457843841318e+00  1.194949568395576e-02 
 7.244359600749839e+00  1.180936933198704e-02 
 7.413102413009112e+00  1.167091446421383e-02 
 7.585775750291773e+00  1.153411185025210e-02 
 7.762471166286851e+00  1.139894091280658e-02 
 7.943282347242747e+00  1.126538159261981e-02 
 8.128305161640922e+00  1.113341483121174e-02 
 8.317637711026638e+00  1.100302078846005e-02 
 8.511380382023690e+00  1.087418085769044e-02 
 8.709635899560730e+00  1.074687591013783e-02 
 8.912509381337378e+00  1.062108705279206e-02 
 9.120108393559018e+00  1.049679633420311e-02 
 9.332543007969829e+00  1.037398506424904e-02 
 9.549925860214275e+00  1.025263548277062e-02 
 9.772372209558020e+00  1.013273003085808e-02 
 9.999999999999911e+00  1.001425044633685e-02 
 1.023292992280745e+01  9.897180265331035e-03 
 1.047128548050890e+01  9.781501864062261e-03 
 1.071519305237597e+01  9.667198275886354e-03 
 1.096478196143175e+01  9.554252302003005e-03 
 1.122018454301953e+01  9.442648021820987e-03 
 1.148153621496872e+01  9.332368836673519e-03 
 1.174897554939519e+01  9.223398555263570e-03 
 1.202264434617402e+01  9.115721173313272e-03 
 1.230268770812370e+01  9.009320870870771e-03 
 1.258925411794155e+01  8.904181809266278e-03 
 1.288249551693122e+01  8.800289130314916e-03 
 1.318256738556395e+01  8.697627145664435e-03 
 1.348962882591641e+01  8.596180359425545e-03 
 1.380384264602872e+01  8.495934420650535e-03 
 1.412537544622741e+01  8.396874175314399e-03 
 1.445439770745913e+01  8.298985399947896e-03 
 1.479108388168193e+01  8.202253463445688e-03 
 1.513561248436193e+01  8.106663904458942e-03 
 1.548816618912466e+01  8.012202969082532e-03 
 1.584893192461098e+01  7.918856330085537e-03 
 1.621810097358914e+01  7.826610710254086e-03 
 1.659586907437544e+01  7.735451741244588e-03 
 1.698243652461728e+01  7.645366095332893e-03 
 1.737800828749359e+01  7.556340752238197e-03 
 1.778279410038905e+01  7.468362315726398e-03 
 1.819700858609966e+01  7.381417704580752e-03 
 1.862087136662849e+01  7.295493976311792e-03 
 1.905460717963228e+01  7.210578324744944e-03 
 1.949844599758026e+01  7.126657597564766e-03 
 1.995262314968860e+01  7.043720536054955e-03 
 2.041737944669509e+01  6.961753294049352e-03 
 2.089296130854019e+01  6.880744535444552e-03 
 2.137962089502211e+01  6.800681630917485e-03 
 2.187761623949531e+01  6.721552698189901e-03 
 2.238721138568317e+01  6.643345818380604e-03 
 2.290867652767750e+01  6.566048895474384e-03 
 2.344228815319899e+01  6.489651126154818e-03 
 2.398832919019467e+01  6.414139765624176e-03 
 2.454708915685006e+01  6.339504222966206e-03 
 2.511886431509555e+01  6.265732570785170e-03 
 2.570395782768838e+01  6.192813984951710e-03 
 2.630267991895355e+01  6.120737039519874e-03 
 2.691534803926888e+01  6.049490964220713e-03 
 2.754228703338138e+01  5.979064539409482e-03 
 2.818382931264425e+01  5.909447051186650e-03 
 2.884031503126576e+01  5.840627873289572e-03 
 2.951209226666355e+01  5.772595691068054e-03 
 3.019951720401985e+01  5.705340839735553e-03 
 3.090295432513559e+01  5.638852187598330e-03 
 3.162277660168347e+01  5.573119713638221e-03 
 3.235936569296249e+01  5.508132846995997e-03 
 3.311311214825876e+01  5.443881473446306e-03 
 3.388441561391990e+01  5.380355311256411e-03 
 3.467368504525280e+01  5.317544634319899e-03 
 3.548133892335717e+01  5.255438837098766e-03 
 3.630780547700975e+01  5.194028454513056e-03 
 3.715352290971686e+01  5.133303269178445e-03 
 3.801893963205572e+01  5.073253824395299e-03 
 3.890451449942765e+01  5.013870377924169e-03 
 3.981071705534930e+01  4.955142921025463e-03 
 4.073802778041084e+01  4.897061956956446e-03 
 4.168693834703309e+01  4.839618042609331e-03 
 4.265795188015881e+01  4.782801574935211e-03 
 4.365158322401612e+01  4.726603220639763e-03 
 4.466835921509583e+01  4.671013488122924e-03 
 4.570881896148700e+01  4.616023146531891e-03 
 4.677351412871931e+01  4.561622808479895e-03 
 4.786300923226331e+01  4.507803338668679e-03 
 4.897788193684408e+01  4.454555251129705e-03 
 5.011872336272667e+01  4.401869991338055e-03 
 5.128613839913591e+01  4.349737680845033e-03 
 5.248074602497667e+01  4.298149937957471e-03 
 5.370317963702468e+01  4.247097363867553e-03 
 5.495408738576185e+01  4.196571262447226e-03 
 5.623413251903428e+01  4.146562418531380e-03 
 5.754399373371505e+01  4.097062027553731e-03 
 5.888436553555824e+01  4.048061141512765e-03 
 6.025595860743510e+01  3.999550941496031e-03 
 6.165950018614752e+01  3.951522817190519e-03 
 6.309573444801861e+01  3.903968101141700e-03 
 6.456542290346482e+01  3.856877741074524e-03 
 6.606934480075886e+01  3.810243152312219e-03 
 6.760829753919741e+01  3.764055945774087e-03 
 6.918309709189286e+01  3.718307277557563e-03 
 7.079457843841298e+01  3.672988594140092e-03 
 7.244359600749817e+01  3.628091383470402e-03 
 7.413102413009089e+01  3.583607253304534e-03 
 7.585775750291749e+01  3.539527625923864e-03 
 7.762471166286826e+01  3.495844426338389e-03 
 7.943282347242722e+01  3.452548880316480e-03 
 8.128305161640897e+01  3.409633087292127e-03 
 8.317637711026612e+01  3.367088685175307e-03 
 8.511380382023664e+01  3.324907452317758e-03 
 8.709635899560703e+01  3.283081444069903e-03 
 8.912509381337350e+01  3.241602575244902e-03 
 9.120108393558989e+01  3.200462775294395e-03 
 9.332543007969799e+01  3.159654392847208e-03 
 9.549925860214246e+01  3.119169466427734e-03 
 9.772372209557990e+01  3.079000397600220e-03 
 9.999999999999881e+01  3.039139625673336e-03 
 1.023292992280742e+02  2.999579824980500e-03 
 1.047128548050887e+02  2.960313482092105e-03 
 1.071519305237593e+02  2.921333404508621e-03 
 1.096478196143172e+02  2.882632598164347e-03 
 1.122018454301950e+02  2.844204046740295e-03 
 1.148153621496869e+02  2.806041183062092e-03 
 1.174897554939515e+02  2.768137382715052e-03 
 1.202264434617398e+02  2.730486050724412e-03 
 1.230268770812366e+02  2.693081229992976e-03 
 1.258925411794152e+02  2.655916900668150e-03 
 1.288249551693118e+02  2.618987273159790e-03 
 1.318256738556391e+02  2.582286752520752e-03 
 1.348962882591637e+02  2.545810297803465e-03 
 1.380384264602868e+02  2.509552835293716e-03 
 1.412537544622737e+02  2.473509583278358e-03 
 1.445439770745910e+02  2.437676203198107e-03 
 1.479108388168189e+02  2.402048576901230e-03 
 1.513561248436189e+02  2.366623005283779e-03 
 1.548816618912462e+02  2.331396043062101e-03 
 1.584893192461094e+02  2.296364647295666e-03 
