 frequency              onoise_spectrum       
 1.000000000000000e-02  1.305510941091325e-01 
 1.023292992280754e-02  1.290026897417304e-01 
 1.047128548050899e-02  1.274728944360222e-01 
 1.071519305237606e-02  1.259614817030794e-01 
 1.096478196143185e-02  1.244682278423559e-01 
 1.122018454301963e-02  1.229929119070192e-01 
 1.148153621496882e-02  1.215353156695578e-01 
 1.174897554939529e-02  1.200952235881922e-01 
 1.202264434617412e-02  1.186724227732843e-01 
 1.230268770812381e-02  1.172667029546098e-01 
 1.258925411794167e-02  1.158778564485038e-01 
 1.288249551693134e-02  1.145056781260505e-01 
 1.318256738556407e-02  1.131499653811906e-01 
 1.348962882591653e-02  1.118105180992132e-01 
 1.380384264602884e-02  1.104871386262215e-01 
 1.412537544622754e-02  1.091796317382300e-01 
 1.445439770745927e-02  1.078878046109004e-01 
 1.479108388168207e-02  1.066114667902104e-01 
 1.513561248436207e-02  1.053504301625362e-01 
 1.548816618912481e-02  1.041045089260311e-01 
 1.584893192461113e-02  1.028735195614979e-01 
 1.621810097358929e-02  1.016572808043281e-01 
 1.659586907437560e-02  1.004556136164523e-01 
 1.698243652461744e-02  9.926834115868884e-02 
 1.737800828749375e-02  9.809528876352358e-02 
 1.778279410038922e-02  9.693628390816447e-02 
 1.819700858609983e-02  9.579115618772703e-02 
 1.862087136662867e-02  9.465973728921519e-02 
 1.905460717963246e-02  9.354186096565242e-02 
 1.949844599758044e-02  9.243736301005490e-02 
 1.995262314968879e-02  9.134608123048001e-02 
 2.041737944669528e-02  9.026785542495983e-02 
 2.089296130854039e-02  8.920252735679102e-02 
 2.137962089502231e-02  8.814994073023059e-02 
 2.187761623949552e-02  8.710994116626801e-02 
 2.238721138568339e-02  8.608237617919033e-02 
 2.290867652767772e-02  8.506709515280093e-02 
 2.344228815319921e-02  8.406394931738725e-02 
 2.398832919019489e-02  8.307279172698634e-02 
 2.454708915685028e-02  8.209347723638005e-02 
 2.511886431509578e-02  8.112586247934223e-02 
 2.570395782768862e-02  8.016980584617901e-02 
 2.630267991895379e-02  7.922516746205041e-02 
 2.691534803926913e-02  7.829180916581115e-02 
 2.754228703338164e-02  7.736959448821613e-02 
 2.818382931264451e-02  7.645838863146623e-02 
 2.884031503126603e-02  7.555805844839701e-02 
 2.951209226666382e-02  7.466847242191796e-02 
 3.019951720402013e-02  7.378950064489102e-02 
 3.090295432513587e-02  7.292101480033514e-02 
 3.162277660168375e-02  7.206288814157698e-02 
 3.235936569296278e-02  7.121499547294977e-02 
 3.311311214825906e-02  7.037721313056006e-02 
 3.388441561392020e-02  6.954941896328197e-02 
 3.467368504525311e-02  6.873149231421356e-02 
 3.548133892335749e-02  6.792331400204904e-02 
 3.630780547701008e-02  6.712476630274940e-02 
 3.715352290971719e-02  6.633573293186024e-02 
 3.801893963205605e-02  6.555609902639697e-02 
 3.890451449942799e-02  6.478575112746177e-02 
 3.981071705534966e-02  6.402457716273638e-02 
 4.073802778041120e-02  6.327246642947400e-02 
 4.168693834703347e-02  6.252930957753507e-02 
 4.265795188015920e-02  6.179499859274302e-02 
 4.365158322401652e-02  6.106942678015536e-02 
 4.466835921509623e-02  6.035248874806161e-02 
 4.570881896148742e-02  5.964408039171610e-02 
 4.677351412871973e-02  5.894409887747282e-02 
 4.786300923226374e-02  5.825244262712935e-02 
 4.897788193684452e-02  5.756901130240165e-02 
 5.011872336272712e-02  5.689370578960639e-02 
 5.128613839913638e-02  5.622642818453439e-02 
 5.248074602497715e-02  5.556708177754962e-02 
 5.370317963702516e-02  5.491557103894268e-02 
 5.495408738576234e-02  5.427180160414680e-02 
 5.623413251903479e-02  5.363568025961176e-02 
 5.754399373371557e-02  5.300711492835001e-02 
 5.888436553555877e-02  5.238601465620634e-02 
 6.025595860743563e-02  5.177228959777028e-02 
 6.165950018614807e-02  5.116585100279682e-02 
 6.309573444801918e-02  5.056661120274710e-02 
 6.456542290346540e-02  4.997448359739787e-02 
 6.606934480075945e-02  4.938938264166293e-02 
 6.760829753919802e-02  4.881122383260052e-02 
 6.918309709189348e-02  4.823992369661256e-02 
 7.079457843841361e-02  4.767539977674985e-02 
 7.244359600749882e-02  4.711757062011481e-02 
 7.413102413009155e-02  4.656635576555554e-02 
 7.585775750291818e-02  4.602167573143998e-02 
 7.762471166286897e-02  4.548345200363139e-02 
 7.943282347242793e-02  4.495160702347647e-02 
 8.128305161640970e-02  4.442606417615810e-02 
 8.317637711026686e-02  4.390674777899772e-02 
 8.511380382023739e-02  4.339358306994471e-02 
 8.709635899560780e-02  4.288649619639556e-02 
 8.912509381337429e-02  4.238541420377911e-02 
 9.120108393559070e-02  4.189026502482715e-02 
 9.332543007969883e-02  4.140097746830240e-02 
 9.549925860214331e-02  4.091748120842248e-02 
 9.772372209558078e-02  4.043970677423918e-02 
 9.999999999999970e-02  3.996758553899381e-02 
 1.023292992280751e-01  3.950104970980713e-02 
 1.047128548050896e-01  3.904003231751878e-02 
 1.071519305237603e-01  3.858446720635748e-02 
 1.096478196143182e-01  3.813428902406231e-02 
 1.122018454301960e-01  3.768943321209570e-02 
 1.148153621496879e-01  3.724983599570082e-02 
 1.174897554939526e-01  3.681543437434612e-02 
 1.202264434617409e-01  3.638616611230776e-02 
 1.230268770812377e-01  3.596196972917053e-02 
 1.258925411794163e-01  3.554278449052875e-02 
 1.288249551693130e-01  3.512855039890957e-02 
 1.318256738556403e-01  3.471920818468480e-02 
 1.348962882591649e-01  3.431469929709759e-02 
 1.380384264602880e-01  3.391496589552668e-02 
 1.412537544622749e-01  3.351995084070227e-02 
 1.445439770745922e-01  3.312959768610631e-02 
 1.479108388168202e-01  3.274385066945766e-02 
 1.513561248436203e-01  3.236265470437317e-02 
 1.548816618912476e-01  3.198595537202597e-02 
 1.584893192461108e-01  3.161369891295748e-02 
 1.621810097358924e-01  3.124583221902450e-02 
 1.659586907437555e-01  3.088230282539773e-02 
 1.698243652461738e-01  3.052305890264062e-02 
 1.737800828749369e-01  3.016804924895945e-02 
 1.778279410038916e-01  2.981722328250256e-02 
 1.819700858609977e-01  2.947053103374253e-02 
 1.862087136662861e-01  2.912792313798521e-02 
 1.905460717963240e-01  2.878935082796461e-02 
 1.949844599758038e-01  2.845476592652919e-02 
 1.995262314968872e-01  2.812412083937003e-02 
 2.041737944669521e-01  2.779736854795491e-02 
 2.089296130854031e-01  2.747446260237469e-02 
 2.137962089502223e-01  2.715535711451148e-02 
 2.187761623949543e-01  2.684000675103602e-02 
 2.238721138568330e-01  2.652836672667555e-02 
 2.290867652767763e-01  2.622039279753328e-02 
 2.344228815319912e-01  2.591604125437229e-02 
 2.398832919019480e-01  2.561526891620762e-02 
 2.454708915685020e-01  2.531803312368166e-02 
 2.511886431509570e-01  2.502429173282128e-02 
 2.570395782768853e-01  2.473400310865134e-02 
 2.630267991895371e-01  2.444712611900778e-02 
 2.691534803926904e-01  2.416362012840412e-02 
 2.754228703338155e-01  2.388344499186008e-02 
 2.818382931264442e-01  2.360656104904032e-02 
 2.884031503126593e-01  2.333292911826758e-02 
 2.951209226666373e-01  2.306251049065286e-02 
 3.019951720402003e-01  2.279526692433368e-02 
 3.090295432513577e-01  2.253116063878262e-02 
 3.162277660168365e-01  2.227015430915662e-02 
 3.235936569296268e-01  2.201221106074065e-02 
 3.311311214825896e-01  2.175729446345933e-02 
 3.388441561392009e-01  2.150536852638671e-02 
 3.467368504525300e-01  2.125639769249606e-02 
 3.548133892335738e-01  2.101034683324269e-02 
 3.630780547700996e-01  2.076718124342099e-02 
 3.715352290971707e-01  2.052686663594794e-02 
 3.801893963205594e-01  2.028936913678785e-02 
 3.890451449942787e-01  2.005465527990799e-02 
 3.981071705534953e-01  1.982269200228417e-02 
 4.073802778041107e-01  1.959344663898548e-02 
 4.168693834703334e-01  1.936688691840308e-02 
 4.265795188015906e-01  1.914298095727806e-02 
 4.365158322401638e-01  1.892169725614193e-02 
 4.466835921509609e-01  1.870300469455852e-02 
 4.570881896148728e-01  1.848687252649644e-02 
 4.677351412871959e-01  1.827327037577468e-02 
 4.786300923226360e-01  1.806216823159897e-02 
 4.897788193684438e-01  1.785353644403165e-02 
 5.011872336272698e-01  1.764734571967733e-02 
 5.128613839913623e-01  1.744356711726719e-02 
 5.248074602497700e-01  1.724217204343144e-02 
 5.370317963702500e-01  1.704313224841428e-02 
 5.495408738576217e-01  1.684641982194573e-02 
 5.623413251903462e-01  1.665200718903230e-02 
 5.754399373371539e-01  1.645986710596310e-02 
 5.888436553555859e-01  1.626997265619235e-02 
 6.025595860743546e-01  1.608229724642943e-02 
 6.165950018614789e-01  1.589681460268779e-02 
 6.309573444801898e-01  1.571349876634623e-02 
 6.456542290346520e-01  1.553232409040864e-02 
 6.606934480075923e-01  1.535326523561309e-02 
 6.760829753919780e-01  1.517629716678676e-02 
 6.918309709189326e-01  1.500139514908246e-02 
 7.079457843841339e-01  1.482853474433195e-02 
 7.244359600749859e-01  1.465769180747860e-02 
 7.413102413009133e-01  1.448884248298635e-02 
 7.585775750291794e-01  1.432196320132825e-02 
 7.762471166286873e-01  1.415703067549663e-02 
 7.943282347242769e-01  1.399402189761999e-02 
 8.128305161640945e-01  1.383291413550585e-02 
 8.317637711026662e-01  1.367368492934447e-02 
 8.511380382023715e-01  1.351631208835421e-02 
 8.709635899560756e-01  1.336077368761151e-02 
 8.912509381337403e-01  1.320704806467316e-02 
 9.120108393559044e-01  1.305511381653452e-02 
 9.332543007969856e-01  1.290494979639814e-02 
 9.549925860214303e-01  1.275653511058520e-02 
 9.772372209558049e-01  1.260984911547022e-02 
 9.999999999999940e-01  1.246487141444771e-02 
 1.023292992280748e+00  1.232158185493342e-02 
 1.047128548050893e+00  1.217996052539724e-02 
 1.071519305237600e+00  1.203998775245880e-02 
 1.096478196143178e+00  1.190164409798183e-02 
 1.122018454301957e+00  1.176491035622799e-02 
 1.148153621496876e+00  1.162976755104763e-02 
 1.174897554939522e+00  1.149619693309237e-02 
 1.202264434617406e+00  1.136417997706677e-02 
 1.230268770812374e+00  1.123369837900670e-02 
 1.258925411794160e+00  1.110473405361503e-02 
 1.288249551693126e+00  1.097726913159142e-02 
 1.318256738556399e+00  1.085128595702855e-02 
 1.348962882591645e+00  1.072676708484422e-02 
 1.380384264602876e+00  1.060369527819603e-02 
 1.412537544622746e+00  1.048205350597462e-02 
 1.445439770745919e+00  1.036182494034003e-02 
 1.479108388168198e+00  1.024299295418562e-02 
 1.513561248436199e+00  1.012554111881535e-02 
 1.548816618912471e+00  1.000945320145670e-02 
 1.584893192461103e+00  9.894713162916903e-03 
 1.621810097358920e+00  9.781305155262354e-03 
 1.659586907437550e+00  9.669213519473051e-03 
 1.698243652461733e+00  9.558422783176824e-03 
 1.737800828749364e+00  9.448917658387792e-03 
 1.778279410038911e+00  9.340683039284668e-03 
 1.819700858609971e+00  9.233703999978042e-03 
 1.862087136662855e+00  9.127965792369295e-03 
 1.905460717963235e+00  9.023453843992979e-03 
 1.949844599758032e+00  8.920153755882166e-03 
 1.995262314968866e+00  8.818051300475485e-03 
 2.041737944669515e+00  8.717132419551431e-03 
 2.089296130854025e+00  8.617383222185524e-03 
 2.137962089502217e+00  8.518789982713855e-03 
 2.187761623949537e+00  8.421339138749370e-03 
 2.238721138568323e+00  8.325017289200086e-03 
 2.290867652767756e+00  8.229811192331312e-03 
 2.344228815319905e+00  8.135707763817633e-03 
 2.398832919019473e+00  8.042694074885439e-03 
 2.454708915685012e+00  7.950757350376526e-03 
 2.511886431509561e+00  7.859884966949782e-03 
 2.570395782768844e+00  7.770064451203052e-03 
 2.630267991895362e+00  7.681283477882919e-03 
 2.691534803926895e+00  7.593529868093828e-03 
 2.754228703338145e+00  7.506791587535430e-03 
 2.818382931264432e+00  7.421056744737083e-03 
 2.884031503126584e+00  7.336313589354125e-03 
 2.951209226666363e+00  7.252550510452489e-03 
 3.019951720401993e+00  7.169756034837678e-03 
 3.090295432513567e+00  7.087918825363666e-03 
 3.162277660168355e+00  7.007027679325431e-03 
 3.235936569296257e+00  6.927071526812369e-03 
 3.311311214825885e+00  6.848039429101928e-03 
 3.388441561391999e+00  6.769920577097431e-03 
 3.467368504525289e+00  6.692704289740337e-03 
 3.548133892335727e+00  6.616380012472638e-03 
 3.630780547700985e+00  6.540937315707407e-03 
 3.715352290971696e+00  6.466365893320520e-03 
 3.801893963205582e+00  6.392655561161753e-03 
 3.890451449942775e+00  6.319796255564559e-03 
 3.981071705534941e+00  6.247778031921526e-03 
 4.073802778041094e+00  6.176591063216746e-03 
 4.168693834703320e+00  6.106225638602214e-03 
 4.265795188015892e+00  6.036672162025002e-03 
 4.365158322401624e+00  5.967921150803691e-03 
 4.466835921509595e+00  5.899963234278166e-03 
 4.570881896148713e+00  5.832789152460485e-03 
 4.677351412871944e+00  5.766389754660566e-03 
 4.786300923226344e+00  5.700755998198668e-03 
 4.897788193684422e+00  5.635878947088762e-03 
 5.011872336272681e+00  5.571749770733180e-03 
 5.128613839913606e+00  5.508359742657020e-03 
 5.248074602497682e+00  5.445700239259211e-03 
 5.370317963702482e+00  5.383762738528942e-03 
 5.495408738576200e+00  5.322538818848923e-03 
 5.623413251903443e+00  5.262020157762078e-03 
 5.754399373371521e+00  5.202198530765809e-03 
 5.888436553555840e+00  5.143065810128162e-03 
 6.025595860743526e+00  5.084613963704329e-03 
 6.165950018614769e+00  5.026835053781363e-03 
 6.309573444801878e+00  4.969721235938048e-03 
 6.456542290346500e+00  4.913264757880496e-03 
 6.606934480075903e+00  4.857457958353316e-03 
 6.760829753919760e+00  4.802293266005719e-03 
 6.918309709189305e+00  4.747763198303612e-03 
 7.079457843841318e+00  4.693860360453614e-03 
 7.244359600749839e+00  4.640577444314979e-03 
 7.413102413009112e+00  4.587907227345441e-03 
 7.585775750291773e+00  4.535842571560676e-03 
 7.762471166286851e+00  4.484376422497359e-03 
 7.943282347242747e+00  4.433501808177489e-03 
 8.128305161640922e+00  4.383211838098091e-03 
 8.317637711026638e+00  4.333499702247920e-03 
 8.511380382023690e+00  4.284358670091689e-03 
 8.709635899560730e+00  4.235782089604277e-03 
 8.912509381337378e+00  4.187763386306691e-03 
 9.120108393559018e+00  4.140296062290090e-03 
 9.332543007969829e+00  4.093373695286633e-03 
 9.549925860214275e+00  4.046989937720645e-03 
 9.772372209558020e+00  4.001138515783566e-03 
 9.999999999999911e+00  3.955813228518678e-03 
 1.023292992280745e+01  3.911007946914610e-03 
 1.047128548050890e+01  3.866716613004228e-03 
 1.071519305237597e+01  3.822933238968233e-03 
 1.096478196143175e+01  3.779651906275344e-03 
 1.122018454301953e+01  3.736866764795787e-03 
 1.148153621496872e+01  3.694572031938269e-03 
 1.174897554939519e+01  3.652761991814700e-03 
 1.202264434617402e+01  3.611430994381353e-03 
 1.230268770812370e+01  3.570573454593285e-03 
 1.258925411794155e+01  3.530183851610943e-03 
 1.288249551693122e+01  3.490256727949690e-03 
 1.318256738556395e+01  3.450786688677148e-03 
 1.348962882591641e+01  3.411768400615599e-03 
 1.380384264602872e+01  3.373196591541480e-03 
 1.412537544622741e+01  3.335066049393396e-03 
 1.445439770745913e+01  3.297371621503257e-03 
 1.479108388168193e+01  3.260108213804350e-03 
 1.513561248436193e+01  3.223270790075978e-03 
 1.548816618912466e+01  3.186854371182512e-03 
 1.584893192461098e+01  3.150854034319835e-03 
 1.621810097358914e+01  3.115264912261590e-03 
 1.659586907437544e+01  3.080082192624109e-03 
 1.698243652461728e+01  3.045301117132553e-03 
 1.737800828749359e+01  3.010916980883961e-03 
 1.778279410038905e+01  2.976925131639038e-03 
 1.819700858609966e+01  2.943320969086442e-03 
 1.862087136662849e+01  2.910099944142521e-03 
 1.905460717963228e+01  2.877257558245758e-03 
 1.949844599758026e+01  2.844789362650225e-03 
 1.995262314968860e+01  2.812690957726202e-03 
 2.041737944669509e+01  2.780957992275377e-03 
 2.089296130854019e+01  2.749586162842631e-03 
 2.137962089502211e+01  2.718571213028876e-03 
 2.187761623949531e+01  2.687908932818382e-03 
 2.238721138568317e+01  2.657595157896220e-03 
 2.290867652767750e+01  2.627625768987724e-03 
 2.344228815319899e+01  2.597996691188934e-03 
 2.398832919019467e+01  2.568703893295939e-03 
 2.454708915685006e+01  2.539743387154052e-03 
 2.511886431509555e+01  2.511111227002233e-03 
 2.570395782768838e+01  2.482803508814785e-03 
 2.630267991895355e+01  2.454816369649062e-03 
 2.691534803926888e+01  2.427145987007623e-03 
 2.754228703338138e+01  2.399788578183399e-03 
 2.818382931264425e+01  2.372740399625380e-03 
 2.884031503126576e+01  2.345997746293050e-03 
 2.951209226666355e+01  2.319556951018395e-03 
 3.019951720401985e+01  2.293414383874886e-03 
 3.090295432513559e+01  2.267566451537377e-03 
 3.162277660168347e+01  2.242009596653755e-03 
 3.235936569296249e+01  2.216740297209411e-03 
 3.311311214825876e+01  2.191755065901484e-03 
 3.388441561391990e+01  2.167050449513269e-03 
 3.467368504525280e+01  2.142623028273634e-03 
 3.548133892335717e+01  2.118469415249704e-03 
 3.630780547700975e+01  2.094586255704341e-03 
 3.715352290971686e+01  2.070970226480022e-03 
 3.801893963205572e+01  2.047618035375944e-03 
 3.890451449942765e+01  2.024526420515402e-03 
 3.981071705534930e+01  2.001692149735381e-03 
 4.073802778041084e+01  1.979112019954780e-03 
 4.168693834703309e+01  1.956782856553821e-03 
 4.265795188015881e+01  1.934701512753901e-03 
 4.365158322401612e+01  1.912864868995401e-03 
 4.466835921509583e+01  1.891269832316049e-03 
 4.570881896148700e+01  1.869913335728725e-03 
 4.677351412871931e+01  1.848792337604689e-03 
 4.786300923226331e+01  1.827903821052982e-03 
 4.897788193684408e+01  1.807244793292604e-03 
 5.011872336272667e+01  1.786812285049844e-03 
 5.128613839913591e+01  1.766603349923276e-03 
 5.248074602497667e+01  1.746615063779560e-03 
 5.370317963702468e+01  1.726844524134550e-03 
 5.495408738576185e+01  1.707288849534357e-03 
 5.623413251903428e+01  1.687945178951945e-03 
 5.754399373371505e+01  1.668810671171580e-03 
 5.888436553555824e+01  1.649882504184857e-03 
 6.025595860743510e+01  1.631157874587015e-03 
 6.165950018614752e+01  1.612633996977773e-03 
 6.309573444801861e+01  1.594308103363228e-03 
 6.456542290346482e+01  1.576177442570512e-03 
 6.606934480075886e+01  1.558239279660850e-03 
 6.760829753919741e+01  1.540490895355593e-03 
 6.918309709189286e+01  1.522929585459876e-03 
 7.079457843841298e+01  1.505552660310059e-03 
 7.244359600749817e+01  1.488357444221929e-03 
 7.413102413009089e+01  1.471341274943871e-03 
 7.585775750291749e+01  1.454501503143714e-03 
 7.762471166286826e+01  1.437835491884128e-03 
 7.943282347242722e+01  1.421340616132958e-03 
 8.128305161640897e+01  1.405014262282982e-03 
 8.317637711026612e+01  1.388853827694570e-03 
 8.511380382023664e+01  1.372856720254167e-03 
 8.709635899560703e+01  1.357020357966521e-03 
 8.912509381337350e+01  1.341342168564015e-03 
 9.120108393558989e+01  1.325819589034557e-03 
 9.332543007969799e+01  1.310450065763787e-03 
 9.549925860214246e+01  1.295231053540187e-03 
 9.772372209557990e+01  1.280160015772691e-03 
 9.999999999999881e+01  1.265234424165360e-03 
 1.023292992280742e+02  1.250451758549063e-03 
 1.047128548050887e+02  1.235809506764944e-03 
 1.071519305237593e+02  1.221305164607394e-03 
 1.096478196143172e+02  1.206936235812151e-03 
 1.122018454301950e+02  1.192700232121155e-03 
 1.148153621496869e+02  1.178594673400261e-03 
 1.174897554939515e+02  1.164617087842317e-03 
 1.202264434617398e+02  1.150765012239878e-03 
 1.230268770812366e+02  1.137035992340546e-03 
 1.258925411794152e+02  1.123427583296921e-03 
 1.288249551693118e+02  1.109937350017141e-03 
 1.318256738556391e+02  1.096562868562215e-03 
 1.348962882591637e+02  1.083301725758091e-03 
 1.380384264602868e+02  1.070151520815449e-03 
 1.412537544622737e+02  1.057109866123551e-03 
 1.445439770745910e+02  1.044174388352497e-03 
 1.479108388168189e+02  1.031342729696990e-03 
 1.513561248436189e+02  1.018612549250741e-03 
 1.548816618912462e+02  1.005981524527463e-03 
 1.584893192461094e+02  9.934473530607670e-04 
